,beta,gamma,sse
0,0.01,0.02,165323572.63849273
1,0.01,0.03,205199391.15270948
2,0.02,0.03,164386795.51022506
3,0.01,0.04,382818893.0632714
4,0.02,0.04,208480439.1450572
5,0.03,0.04,163580584.85908866
6,0.01,0.05,681843743.0295477
7,0.02,0.05,389822334.4683585
8,0.03,0.05,211885243.51824257
9,0.04,0.05,162905254.7677492
10,0.01,0.060000000000000005,1087524955.3486667
11,0.02,0.060000000000000005,692122272.6564536
12,0.03,0.060000000000000005,396942926.7509614
13,0.04,0.060000000000000005,215414046.2325418
14,0.05,0.060000000000000005,162361115.0880937
15,0.01,0.07,1586555938.2212527
16,0.02,0.07,1100674941.9580898
17,0.03,0.07,702511571.0106313
18,0.04,0.07,404180849.91977584
19,0.05,0.07,219067085.50042152
20,0.060000000000000005,0.07,161948471.43968302
21,0.01,0.08,2166938946.2372265
22,0.02,0.08,1602213378.7966614
23,0.03,0.08,1113929551.8522797
24,0.04,0.08,713011765.0436409
25,0.05,0.08,411536280.66672456
26,0.060000000000000005,0.08,222844595.78619128
27,0.07,0.08,161667625.20844993
28,0.01,0.09,2817863718.7746954
29,0.02,0.09,2184775789.931526
30,0.03,0.09,1617969542.757461
31,0.04,0.09,1127288866.6975832
32,0.05,0.09,723622978.7747793
33,0.060000000000000005,0.09,419009392.3675505
34,0.07,0.09,226746807.80586362
35,0.08,0.09,161518873.54564524
36,0.01,0.09999999999999999,3529597193.7793293
37,0.02,0.09999999999999999,2837584526.7780704
38,0.03,0.09999999999999999,2202705707.7323284
39,0.04,0.09999999999999999,1633824473.2697344
40,0.05,0.09999999999999999,1140752965.5709283
41,0.060000000000000005,0.09999999999999999,734345333.2924153
42,0.07,0.09999999999999999,426600355.08259845
43,0.08,0.09999999999999999,230773948.52723193
44,0.09,0.09999999999999999,161502509.36702985
45,0.01,0.10999999999999999,4293383287.9058933
46,0.02,0.10999999999999999,3550936104.4468594
47,0.03,0.10999999999999999,2857393012.2016525
48,0.04,0.10999999999999999,2220728710.222856
49,0.05,0.10999999999999999,1649778211.2157087
50,0.060000000000000005,0.10999999999999999,1154321924.9617379
51,0.07,0.10999999999999999,745178946.7554743
52,0.08,0.10999999999999999,434309335.55777764
53,0.09,0.10999999999999999,234926241.17014813
54,0.09999999999999999,0.10999999999999999,161618821.35230651
55,0.01,0.11999999999999998,5101351826.202313
56,0.02,0.11999999999999998,4316101259.291853
57,0.03,0.11999999999999998,3572357547.866581
58,0.04,0.11999999999999998,2877289158.20092
59,0.05,0.11999999999999998,2238844805.9746695
60,0.060000000000000005,0.11999999999999998,1665830795.19606
61,0.07,0.11999999999999998,1167995818.773933
62,0.08,0.11999999999999998,756123934.3950834
63,0.09,0.11999999999999998,442136497.2256836
64,0.09999999999999999,0.11999999999999998,239203905.2070144
65,0.10999999999999999,0.11999999999999998,161868093.94479883
66,0.01,0.12999999999999998,5946435788.257647
67,0.02,0.12999999999999998,5125234130.697976
68,0.03,0.12999999999999998,4338896868.136829
69,0.04,0.12999999999999998,3593861484.251708
70,0.05,0.12999999999999998,2897272946.1620083
71,0.060000000000000005,0.12999999999999998,2257054001.550267
72,0.07,0.12999999999999998,1681982261.532362
73,0.08,0.12999999999999998,1181774718.3281069
74,0.09,0.12999999999999998,767180408.5163531
75,0.09999999999999999,0.12999999999999998,450082000.2069264
76,0.10999999999999999,0.12999999999999998,243607156.36348516
77,0.11999999999999998,0.12999999999999998,162250607.35136807
78,0.01,0.13999999999999999,6822296113.796994
79,0.02,0.13999999999999999,5971289736.344837
80,0.03,0.13999999999999999,5149189422.428585
81,0.04,0.13999999999999999,4361770055.609299
82,0.05,0.13999999999999999,3615447872.261731
83,0.060000000000000005,0.13999999999999999,2917344355.7045107
84,0.07,0.13999999999999999,2275356301.505792
85,0.08,0.13999999999999999,1698232644.2695923
86,0.09,0.13999999999999999,1195658692.3638058
87,0.09999999999999999,0.13999999999999999,778348478.5003364
88,0.10999999999999999,0.13999999999999999,458146001.31161076
89,0.11999999999999998,0.13999999999999999,248136206.61936432
90,0.12999999999999998,0.13999999999999999,162766637.5425729
91,0.01,0.15,7723253379.79509
92,0.02,0.15,6847948986.032121
93,0.03,0.15,5996212260.889716
94,0.04,0.15,5173217626.899334
95,0.05,0.15,4384720761.515755
96,0.060000000000000005,0.15,3637116669.0053577
97,0.07,0.15,2937503364.684409
98,0.08,0.15,2293751708.39385
99,0.09,0.15,1714581975.1788032
100,0.09999999999999999,0.15,1209647807.0419304
101,0.10999999999999999,0.15,789628250.8061075
102,0.11999999999999998,0.15,466328654.041007
103,0.12999999999999998,0.15,252791264.2097228
104,0.13999999999999999,0.15,163416456.25306618
105,0.01,0.16,8644225723.938341
106,0.02,0.16,7749550548.047937
107,0.03,0.16,6873666256.748874
108,0.04,0.16,6021203274.663015
109,0.05,0.16,5197318668.4238825
110,0.060000000000000005,0.16,4407748924.303747
111,0.07,0.16,3658867830.0435476
112,0.08,0.16,2957749949.197028
113,0.09,0.16,2312240222.7663817
114,0.09999999999999999,0.16,1731030283.7598648
115,0.10999999999999999,0.16,1223742125.9473088
116,0.11999999999999998,0.16,801019828.973016
117,0.12999999999999998,0.16,474630108.589394
118,0.13999999999999999,0.16,257572533.62620205
119,0.15,0.16,164200330.98222858
120,0.01,0.17,9580672446.273792
121,0.02,0.17,8671028944.643717
122,0.03,0.17,7775908162.186106
123,0.04,0.17,6899447828.515357
124,0.05,0.17,6046262689.395279
125,0.060000000000000005,0.17,5221492470.127396
126,0.07,0.17,4430854481.064933
127,0.08,0.17,3680701309.3925953
128,0.09,0.17,2978084083.5801153
129,0.09999999999999999,0.17,2330821843.1776943
130,0.10999999999999999,0.17,1747577597.244328
131,0.11999999999999998,0.17,1237941710.0913322
132,0.12999999999999998,0.17,812523313.6230783
133,0.13999999999999999,0.17,483050511.84607077
134,0.15,0.17,262480215.61853927
135,0.16,0.17,165118524.9950421
136,0.01,0.18000000000000002,10528542772.672306
137,0.02,0.18000000000000002,9607858310.029114
138,0.03,0.18000000000000002,8697888876.029112
139,0.04,0.18000000000000002,7802326116.759121
140,0.05,0.18000000000000002,6925293602.993858
141,0.060000000000000005,0.18000000000000002,6071390415.779907
142,0.07,0.18000000000000002,5245738953.949596
143,0.08,0.18000000000000002,4454037367.538259
144,0.09,0.18000000000000002,3702617059.5272555
145,0.09999999999999999,0.18000000000000002,2998505740.4169655
146,0.10999999999999999,0.18000000000000002,2349496566.187505
147,0.11999999999999998,0.18000000000000002,1764223940.5984206
148,0.12999999999999998,0.18000000000000002,1252246617.9147844
149,0.13999999999999999,0.18000000000000002,824138802.4635148
150,0.15,0.18000000000000002,491590007.39754564
151,0.16,0.18000000000000002,267514507.19627947
152,0.17,0.18000000000000002,166171297.3231931
153,0.01,0.19000000000000003,11484229310.781597
154,0.02,0.19000000000000003,10556001295.944351
155,0.03,0.19000000000000003,9635097358.268684
156,0.04,0.19000000000000003,8724805406.504936
157,0.05,0.19000000000000003,7828804305.529889
158,0.060000000000000005,0.19000000000000003,6951203480.943829
159,0.07,0.19000000000000003,6096586363.476198
160,0.08,0.19000000000000003,5270058040.647926
161,0.09,0.19000000000000003,4477297518.113098
162,0.09999999999999999,0.19000000000000003,3724615031.384015
163,0.10999999999999999,0.19000000000000003,3019014890.5396605
164,0.11999999999999998,0.19000000000000003,2368264386.3641443
165,0.12999999999999998,0.19000000000000003,1780969336.526093
166,0.13999999999999999,0.19000000000000003,1266656905.2907426
167,0.15,0.19000000000000003,835866390.2894449
168,0.16,0.19000000000000003,500248735.5298986
169,0.17,0.19000000000000003,272675601.6306924
170,0.18000000000000002,0.19000000000000003,167358902.76641643
171,0.01,0.20000000000000004,12444525771.8886
172,0.02,0.20000000000000004,11511862656.784956
173,0.03,0.20000000000000004,10583509677.885967
174,0.04,0.20000000000000004,9662389474.876738
175,0.05,0.20000000000000004,8751778423.800587
176,0.060000000000000005,0.20000000000000004,7855342621.477528
177,0.07,0.20000000000000004,6977177362.224842
178,0.08,0.20000000000000004,6121850441.112442
179,0.09,0.20000000000000004,5294449649.800721
180,0.09999999999999999,0.20000000000000004,4500634865.832497
181,0.10999999999999999,0.20000000000000004,3746695174.364334
182,0.11999999999999998,0.20000000000000004,3039611503.0323486
183,0.12999999999999998,0.20000000000000004,2387125296.2878075
184,0.13999999999999999,0.20000000000000004,1797813805.472231
185,0.15,0.20000000000000004,1281172625.527637
186,0.16,0.20000000000000004,847706168.9867185
187,0.17,0.20000000000000004,509026833.2313068
188,0.18000000000000002,0.20000000000000004,277963688.45689595
189,0.19000000000000003,0.20000000000000004,168681591.89406207
190,0.01,0.21000000000000005,13406588570.945099
191,0.02,0.21000000000000005,12472247088.878284
192,0.03,0.21000000000000005,11539542727.269587
193,0.04,0.21000000000000005,10611067799.235054
194,0.05,0.21000000000000005,9689734543.149996
195,0.060000000000000005,0.21000000000000005,8778807814.967201
196,0.07,0.21000000000000005,7881940956.800299
197,0.08,0.21000000000000005,7003215145.799654
198,0.09,0.21000000000000005,6147182556.289051
199,0.09999999999999999,0.21000000000000005,5318913699.810413
200,0.10999999999999999,0.21000000000000005,4524049342.396523
201,0.11999999999999998,0.21000000000000005,3768857436.3380136
202,0.12999999999999998,0.21000000000000005,3060295545.2346115
203,0.13999999999999999,0.21000000000000005,2406079286.5539103
204,0.15,0.21000000000000005,1814757365.6259484
205,0.16,0.21000000000000005,1295793829.3724165
206,0.17,0.21000000000000005,859658227.5348942
207,0.18000000000000002,0.21000000000000005,517924434.1947464
208,0.19000000000000003,0.21000000000000005,283378953.47616047
209,0.20000000000000004,0.21000000000000005,170139611.04690343
210,0.01,0.22000000000000006,14367901952.295204
211,0.02,0.22000000000000006,13434320937.23766
212,0.03,0.22000000000000006,12500012179.005713
213,0.04,0.22000000000000006,11567269401.003239
214,0.05,0.22000000000000006,10638675540.224699
215,0.060000000000000005,0.22000000000000006,9717132445.800308
216,0.07,0.22000000000000006,8805893466.380478
217,0.08,0.22000000000000006,7908599202.918585
218,0.09,0.22000000000000006,7029316729.737242
219,0.09999999999999999,0.22000000000000006,6172582615.581732
220,0.10999999999999999,0.22000000000000006,5343450107.906829
221,0.11999999999999998,0.22000000000000006,4547540878.165558
222,0.12999999999999998,0.22000000000000006,3791101763.6466217
223,0.13999999999999999,0.22000000000000006,3081066982.7449436
224,0.15,0.22000000000000006,2425126345.776553
225,0.16,0.22000000000000006,1831800032.923978
226,0.17,0.22000000000000006,1310520565.0138521
227,0.18000000000000002,0.22000000000000006,871722652.010364
228,0.19000000000000003,0.22000000000000006,526941668.8208674
229,0.20000000000000004,0.22000000000000006,288921578.7584361
230,0.21000000000000005,0.22000000000000006,171733202.3391676
231,0.01,0.23000000000000007,15326246320.703272
232,0.02,0.23000000000000007,14395577418.306492
233,0.03,0.23000000000000007,13462094299.442017
234,0.04,0.23000000000000007,12527820920.067028
235,0.05,0.23000000000000007,11595042556.322008
236,0.060000000000000005,0.23000000000000007,10666332780.585766
237,0.07,0.23000000000000007,9744583064.957392
238,0.08,0.23000000000000007,8833035263.743502
239,0.09,0.23000000000000007,7935317250.477776
240,0.09999999999999999,0.23000000000000007,7055482011.215918
241,0.10999999999999999,0.23000000000000007,6198050524.544695
242,0.11999999999999998,0.23000000000000007,5368058790.150484
243,0.12999999999999998,0.23000000000000007,4571109402.163763
244,0.13999999999999999,0.23000000000000007,3813428101.1069555
245,0.15,0.23000000000000007,3101925779.424242
246,0.16,0.23000000000000007,2444266460.5920367
247,0.17,0.23000000000000007,1848941821.0541642
248,0.18000000000000002,0.23000000000000007,1325352878.0859475
249,0.19000000000000003,0.23000000000000007,883899525.5896232
250,0.20000000000000004,0.23000000000000007,536078664.22102
251,0.21000000000000005,0.23000000000000007,294591742.64504474
252,0.22000000000000006,0.23000000000000007,173462603.66079575
253,0.01,0.24000000000000007,16279669486.413208
254,0.02,0.24000000000000007,15353805039.175613
255,0.03,0.24000000000000007,14423291268.513964
256,0.04,0.24000000000000007,13489908535.226225
257,0.05,0.24000000000000007,12555673189.491234
258,0.060000000000000005,0.24000000000000007,11622862071.132732
259,0.07,0.24000000000000007,10694039399.54944
260,0.08,0.24000000000000007,9772086282.17155
261,0.09,0.24000000000000007,8860233092.08964
262,0.09999999999999999,0.24000000000000007,7962094989.351337
263,0.10999999999999999,0.24000000000000007,7081710886.526413
264,0.11999999999999998,0.24000000000000007,6223586187.713915
265,0.12999999999999998,0.24000000000000007,5392739661.43597
266,0.13999999999999999,0.24000000000000007,4594754842.082493
267,0.15,0.24000000000000007,3835836392.014598
268,0.16,0.24000000000000007,3122871897.3994265
269,0.17,0.24000000000000007,2463499615.6624923
270,0.18000000000000002,0.24000000000000007,1866182741.4591064
271,0.19000000000000003,0.24000000000000007,1340290811.6714864
272,0.20000000000000004,0.24000000000000007,896188928.5526787
273,0.21000000000000005,0.24000000000000007,545335544.2204678
274,0.22000000000000006,0.24000000000000007,300389619.7515969
275,0.23000000000000007,0.24000000000000007,175328048.67993397
276,0.01,0.25000000000000006,17226460559.442276
277,0.02,0.25000000000000006,16307058922.808323
278,0.03,0.25000000000000006,15381399687.203968
279,0.04,0.25000000000000006,14451043381.166155
280,0.05,0.25000000000000006,13517763521.94809
281,0.060000000000000005,0.25000000000000006,12583568864.342491
282,0.07,0.25000000000000006,11650727822.915443
283,0.08,0.25000000000000006,10721795275.849876
284,0.09,0.25000000000000006,9799641978.41639
285,0.09999999999999999,0.25000000000000006,8887486835.785362
286,0.10999999999999999,0.25000000000000006,7988932308.643801
287,0.11999999999999998,0.25000000000000006,7108003251.075081
288,0.12999999999999998,0.25000000000000006,6249189508.610403
289,0.13999999999999999,0.25000000000000006,5417492635.49535
290,0.15,0.25000000000000006,4618477124.283857
291,0.16,0.25000000000000006,3858326578.147518
292,0.17,0.25000000000000006,3143905297.067114
293,0.18000000000000002,0.25000000000000006,2482825793.679607
294,0.19000000000000003,0.25000000000000006,1883522803.339832
295,0.20000000000000004,0.25000000000000006,1355334406.3056874
296,0.21000000000000005,0.25000000000000006,908590938.2866021
297,0.22000000000000006,0.25000000000000006,554712429.3617477
298,0.23000000000000007,0.25000000000000006,306315380.97107476
299,0.24000000000000007,0.25000000000000006,177329766.8456452
300,0.01,0.26000000000000006,18165126252.3696
301,0.02,0.26000000000000006,17253634775.20654
302,0.03,0.26000000000000006,16334481982.973305
303,0.04,0.26000000000000006,15409030144.20855
304,0.05,0.26000000000000006,14478833634.2515
305,0.060000000000000005,0.26000000000000006,13545659136.657421
306,0.07,0.26000000000000006,12611507821.322489
307,0.08,0.26000000000000006,11678639688.725895
308,0.09,0.26000000000000006,10749600287.726795
309,0.09999999999999999,0.26000000000000006,9827250034.091599
310,0.10999999999999999,0.26000000000000006,8914796378.533205
311,0.11999999999999998,0.26000000000000006,8015829096.693811
312,0.12999999999999998,0.26000000000000006,7134358999.387075
313,0.13999999999999999,0.26000000000000006,6274860389.743547
314,0.15,0.26000000000000006,5442317624.901609
315,0.16,0.26000000000000006,4642276173.804258
316,0.17,0.26000000000000006,3880898599.769755
317,0.18000000000000002,0.26000000000000006,3165025937.0973654
318,0.19000000000000003,0.26000000000000006,2502244975.36841
319,0.20000000000000004,0.26000000000000006,1900962013.6596408
320,0.21000000000000005,0.26000000000000006,1370483699.9799943
321,0.22000000000000006,0.26000000000000006,921105629.2892215
322,0.23000000000000007,0.26000000000000006,564209436.9082149
323,0.24000000000000007,0.26000000000000006,312369193.4771291
324,0.25000000000000006,0.26000000000000006,179467983.39084876
325,0.01,0.2700000000000001,19094369372.741814
326,0.02,0.2700000000000001,18192045254.441593
327,0.03,0.2700000000000001,17280840449.832245
328,0.04,0.2700000000000001,16361938547.98931
329,0.05,0.2700000000000001,15436696289.393555
330,0.060000000000000005,0.2700000000000001,14506661905.500374
331,0.07,0.2700000000000001,13573595256.09814
332,0.08,0.2700000000000001,12639489936.772755
333,0.09,0.2700000000000001,11706597545.197987
334,0.09999999999999999,0.2700000000000001,10777454312.928093
335,0.10999999999999999,0.2700000000000001,9854910329.025719
336,0.11999999999999998,0.2700000000000001,8942161603.374668
337,0.12999999999999998,0.2700000000000001,8042785241.077197
338,0.13999999999999999,0.2700000000000001,7160778025.109537
339,0.15,0.2700000000000001,6300598732.614459
340,0.16,0.2700000000000001,5467214541.072179
341,0.17,0.2700000000000001,4666151914.358032
342,0.18000000000000002,0.2700000000000001,3903552395.6351414
343,0.19000000000000003,0.2700000000000001,3186233774.4375114
344,0.20000000000000004,0.2700000000000001,2521757139.491157
345,0.21000000000000005,0.2700000000000001,1918500377.1479943
346,0.22000000000000006,0.2700000000000001,1385738728.145975
347,0.23000000000000007,0.2700000000000001,933733073.1729552
348,0.24000000000000007,0.2700000000000001,573826680.8477246
349,0.25000000000000006,0.2700000000000001,318551220.72755814
350,0.26000000000000006,0.2700000000000001,181742919.33547646
351,0.01,0.2800000000000001,20013069306.088238
352,0.02,0.2800000000000001,19120998523.275093
353,0.03,0.2800000000000001,18218993683.636745
354,0.04,0.2800000000000001,17308077466.462357
355,0.05,0.2800000000000001,16389428498.760176
356,0.060000000000000005,0.2800000000000001,15464398001.74907
357,0.07,0.2800000000000001,14534528072.387196
358,0.08,0.2800000000000001,13601571756.710613
359,0.09,0.2800000000000001,12667515086.67705
360,0.09999999999999999,0.2800000000000001,11734601268.546314
361,0.10999999999999999,0.2800000000000001,10805357228.712505
362,0.11999999999999998,0.2800000000000001,9882622742.47894
363,0.12999999999999998,0.2800000000000001,8969582392.69316
364,0.13999999999999999,0.2800000000000001,8069800628.610083
365,0.15,0.2800000000000001,7187260221.014906
366,0.16,0.2800000000000001,6326404437.719395
367,0.17,0.2800000000000001,5492183294.272446
368,0.18000000000000002,0.2800000000000001,4690104268.341125
369,0.19000000000000003,0.2800000000000001,3926287902.991106
370,0.20000000000000004,0.2800000000000001,3207528764.316044
371,0.21000000000000005,0.2800000000000001,2541362262.8513165
372,0.22000000000000006,0.2800000000000001,1936137896.304541
373,0.23000000000000007,0.2800000000000001,1401099523.719324
374,0.24000000000000007,0.2800000000000001,946473338.6687782
375,0.25000000000000006,0.2800000000000001,583564271.8965034
376,0.26000000000000006,0.2800000000000001,324861622.4679666
377,0.2700000000000001,0.2800000000000001,184154791.48986083
378,0.01,0.2900000000000001,20920264308.596497
379,0.02,0.2900000000000001,20039378786.909866
380,0.03,0.2900000000000001,19147655194.9414
381,0.04,0.2900000000000001,18245971425.484203
382,0.05,0.2900000000000001,17335345708.096443
383,0.060000000000000005,0.2900000000000001,16416951716.014214
384,0.07,0.2900000000000001,15492135160.053074
385,0.08,0.2900000000000001,14562432012.132545
386,0.09,0.2900000000000001,13629588514.633793
387,0.09999999999999999,0.2900000000000001,12695583146.66369
388,0.10999999999999999,0.2900000000000001,11762650734.568634
389,0.11999999999999998,0.2900000000000001,10833308911.852283
390,0.12999999999999998,0.2900000000000001,9910387153.145918
391,0.13999999999999999,0.2900000000000001,8997058628.216948
392,0.15,0.2900000000000001,8096875145.352016
393,0.16,0.2900000000000001,7213805479.0041485
394,0.17,0.2900000000000001,6352277404.553179
395,0.18000000000000002,0.2900000000000001,5517223793.619351
396,0.19000000000000003,0.2900000000000001,4714133156.834821
397,0.20000000000000004,0.2900000000000001,3949105057.5825167
398,0.21000000000000005,0.2900000000000001,3228910860.246593
399,0.22000000000000006,0.2900000000000001,2561060320.297613
400,0.23000000000000007,0.2900000000000001,1953874571.40325
401,0.24000000000000007,0.2900000000000001,1416566117.0840209
402,0.25000000000000006,0.2900000000000001,959326491.630342
403,0.26000000000000006,0.2900000000000001,593422317.50316
404,0.2700000000000001,0.2900000000000001,331300554.7356316
405,0.2800000000000001,0.2900000000000001,186703812.45833385
406,0.01,0.3000000000000001,21815135444.914032
407,0.02,0.3000000000000001,20946228635.419815
408,0.03,0.3000000000000001,20065714001.497383
409,0.04,0.3000000000000001,19174339275.914337
410,0.05,0.3000000000000001,18272978365.399364
411,0.060000000000000005,0.3000000000000001,17362645057.592365
412,0.07,0.3000000000000001,16444508080.306103
413,0.08,0.3000000000000001,15519907642.873394
414,0.09,0.3000000000000001,14590373601.7052
415,0.09999999999999999,0.3000000000000001,13657645405.707481
416,0.10999999999999999,0.3000000000000001,12723693992.007946
417,0.11999999999999998,0.3000000000000001,11790745818.648426
418,0.12999999999999998,0.3000000000000001,10861309238.635834
419,0.13999999999999999,0.3000000000000001,9938203439.158592
420,0.15,0.3000000000000001,9024590191.022217
421,0.16,0.3000000000000001,8124008676.6091
422,0.17,0.3000000000000001,7240413690.110096
423,0.18000000000000002,0.3000000000000001,6378217531.612671
424,0.19000000000000003,0.3000000000000001,5542335947.085035
425,0.20000000000000004,0.3000000000000001,4738238499.609507
426,0.21000000000000005,0.3000000000000001,3972003793.6556234
427,0.22000000000000006,0.3000000000000001,3250380014.031967
428,0.23000000000000007,0.3000000000000001,2580851284.7281866
429,0.24000000000000007,0.3000000000000001,1971710400.4966056
430,0.25000000000000006,0.3000000000000001,1432138536.0965827
431,0.26000000000000006,0.3000000000000001,972292595.0381987
432,0.2700000000000001,0.3000000000000001,603400921.8528744
433,0.2800000000000001,0.3000000000000001,337868169.8635454
434,0.2900000000000001,0.3000000000000001,189390190.6430474
435,0.01,0.3100000000000001,22696992021.460766
436,0.02,0.3100000000000001,21840733026.776466
437,0.03,0.3100000000000001,20972217020.443024
438,0.04,0.3100000000000001,20092074840.870094
439,0.05,0.3100000000000001,19201050654.279617
440,0.060000000000000005,0.3100000000000001,18300014388.685513
441,0.07,0.3100000000000001,17389975397.66803
442,0.08,0.3100000000000001,16472097472.018684
443,0.09,0.3100000000000001,15547715328.56966
444,0.09999999999999999,0.3100000000000001,14618352717.824326
445,0.10999999999999999,0.3100000000000001,13685742305.474592
446,0.11999999999999998,0.3100000000000001,12751847497.634438
447,0.12999999999999998,0.3100000000000001,11818886395.75739
448,0.13999999999999999,0.3100000000000001,10889358084.870419
449,0.15,0.3100000000000001,9966071478.089043
450,0.16,0.3100000000000001,9052176961.536007
451,0.17,0.3100000000000001,8151201106.937194
452,0.18000000000000002,0.3100000000000001,7267084744.500801
453,0.19000000000000003,0.3100000000000001,6404224716.4003105
454,0.20000000000000004,0.3100000000000001,5567519661.500505
455,0.21000000000000005,0.3100000000000001,4762420215.128527
456,0.22000000000000006,0.3100000000000001,3994984043.9620132
457,0.23000000000000007,0.3100000000000001,3271936175.7682533
458,0.24000000000000007,0.3100000000000001,2600735127.094803
459,0.25000000000000006,0.3100000000000001,1989645379.4199321
460,0.26000000000000006,0.3100000000000001,1447816806.090413
461,0.2700000000000001,0.3100000000000001,985371709.0042093
462,0.2800000000000001,0.3100000000000001,613500185.8717302
463,0.2900000000000001,0.3100000000000001,344564616.4846437
464,0.3000000000000001,0.3100000000000001,192214130.24800965
465,0.01,0.3200000000000001,23565258379.200832
466,0.02,0.3200000000000001,22722204761.268715
467,0.03,0.3200000000000001,21866353096.55822
468,0.04,0.3200000000000001,20998229357.683548
469,0.05,0.3200000000000001,20118461195.982067
470,0.060000000000000005,0.3200000000000001,19227789218.036682
471,0.07,0.3200000000000001,18327079380.535397
472,0.08,0.3200000000000001,17417336610.903076
473,0.09,0.3200000000000001,16499719771.364864
474,0.09999999999999999,0.3200000000000001,15575558095.295322
475,0.10999999999999999,0.3200000000000001,14646369236.961475
476,0.11999999999999998,0.3200000000000001,13713879089.183357
477,0.12999999999999998,0.3200000000000001,12780043538.119495
478,0.13999999999999999,0.3200000000000001,11847072340.458046
479,0.15,0.3200000000000001,10917455325.88488
480,0.16,0.3200000000000001,9993991146.952358
481,0.17,0.3200000000000001,9079818819.53927
482,0.18000000000000002,0.3200000000000001,8178452320.145092
483,0.19000000000000003,0.3200000000000001,7293818531.482872
484,0.20000000000000004,0.3200000000000001,6430298855.427628
485,0.21000000000000005,0.3200000000000001,5592774842.559332
486,0.22000000000000006,0.3200000000000001,4786678220.552066
487,0.23000000000000007,0.3200000000000001,4018045739.7626686
488,0.24000000000000007,0.3200000000000001,3293579293.849018
489,0.25000000000000006,0.3200000000000001,2620711816.4071736
490,0.26000000000000006,0.3200000000000001,2007679501.795792
491,0.2700000000000001,0.3200000000000001,1463600949.8803144
492,0.2800000000000001,0.3200000000000001,998563890.7760434
493,0.2900000000000001,0.3200000000000001,623720207.2312149
494,0.3000000000000001,0.3200000000000001,351390039.5362154
495,0.3100000000000001,0.3200000000000001,195175831.2833423
496,0.01,0.3300000000000001,24419461922.150063
497,0.02,0.3300000000000001,23590071311.63726
498,0.03,0.3300000000000001,22747438517.79065
499,0.04,0.3300000000000001,21891995551.385197
500,0.05,0.3300000000000001,21024265541.113117
501,0.060000000000000005,0.3300000000000001,20144872957.723476
502,0.07,0.3300000000000001,19254554855.1001
503,0.08,0.3300000000000001,18354173226.03289
504,0.09,0.3300000000000001,17444728579.74068
505,0.09999999999999999,0.3300000000000001,16527374858.389421
506,0.10999999999999999,0.3300000000000001,15603435820.999569
507,0.11999999999999998,0.3300000000000001,14674423035.34282
508,0.12999999999999998,0.3300000000000001,13742055631.789604
509,0.13999999999999999,0.3300000000000001,12808281987.69359
510,0.15,0.3300000000000001,11875303526.906197
511,0.16,0.3300000000000001,10945600836.532322
512,0.17,0.3300000000000001,10021962322.209513
513,0.18000000000000002,0.3300000000000001,9107515644.169945
514,0.19000000000000003,0.3300000000000001,8205762199.297773
515,0.20000000000000004,0.3300000000000001,7320614939.504938
516,0.21000000000000005,0.3300000000000001,6456439844.218836
517,0.22000000000000006,0.3300000000000001,5618101394.821452
518,0.23000000000000007,0.3300000000000001,4811012431.741039
519,0.24000000000000007,0.3300000000000001,4041188810.8320484
520,0.25000000000000006,0.3300000000000001,3315309314.969552
521,0.26000000000000006,0.3300000000000001,2640781319.7373285
522,0.2700000000000001,0.3300000000000001,2025812759.0385294
523,0.2800000000000001,0.3300000000000001,1479490987.767068
524,0.2900000000000001,0.3300000000000001,1011869194.7418294
525,0.3000000000000001,0.3300000000000001,634061080.3528702
526,0.3100000000000001,0.3300000000000001,358344580.26450574
527,0.3200000000000001,0.3300000000000001,198275489.5697435
528,0.01,0.34000000000000014,25259222269.104874
529,0.02,0.34000000000000014,24443862885.5403
530,0.03,0.34000000000000014,23614903882.749947
531,0.04,0.34000000000000014,22772693191.335503
532,0.05,0.34000000000000014,21917660288.35457
533,0.060000000000000005,0.34000000000000014,21050325464.659103
534,0.07,0.34000000000000014,20171310016.922035
535,0.08,0.34000000000000014,19281347453.301186
536,0.09,0.34000000000000014,18381295810.154587
537,0.09999999999999999,0.34000000000000014,17472151186.489227
538,0.10999999999999999,0.34000000000000014,16555062612.970898
539,0.11999999999999998,0.34000000000000014,15631348383.429384
540,0.12999999999999998,0.34000000000000014,14702513988.95116
541,0.13999999999999999,0.34000000000000014,13770271807.959023
542,0.15,0.34000000000000014,12836562720.243742
543,0.16,0.34000000000000014,11903579828.853592
544,0.17,0.34000000000000014,10973794491.192867
545,0.18000000000000002,0.34000000000000014,10049984879.770247
546,0.19000000000000003,0.34000000000000014,9135267313.925997
547,0.20000000000000004,0.34000000000000014,8233130626.719639
548,0.21000000000000005,0.34000000000000014,7347473856.161015
549,0.22000000000000006,0.34000000000000014,6482647577.314465
550,0.23000000000000007,0.34000000000000014,5643499221.716922
551,0.24000000000000007,0.34000000000000014,4835422763.261138
552,0.25000000000000006,0.34000000000000014,4064413185.462268
553,0.26000000000000006,0.34000000000000014,3337126184.131193
554,0.2700000000000001,0.34000000000000014,2660943602.224142
555,0.2800000000000001,0.34000000000000014,2044045140.3588505
556,0.2900000000000001,0.34000000000000014,1495486937.542149
557,0.3000000000000001,0.34000000000000014,1025287672.4349412
558,0.3100000000000001,0.34000000000000014,644522896.4131097
559,0.3200000000000001,0.34000000000000014,365428376.22949886
560,0.3300000000000001,0.34000000000000014,201513296.74317044
561,0.01,0.35000000000000014,26084241426.26777
562,0.02,0.35000000000000014,25283201608.144608
563,0.03,0.35000000000000014,24468282197.126373
564,0.04,0.35000000000000014,23639755996.07485
565,0.05,0.35000000000000014,22797968682.198086
566,0.060000000000000005,0.35000000000000014,21943347204.536045
567,0.07,0.35000000000000014,21076409022.20584
568,0.08,0.35000000000000014,20197772264.344444
569,0.09,0.35000000000000014,19308166900.389442
570,0.09999999999999999,0.35000000000000014,18408447017.77143
571,0.10999999999999999,0.35000000000000014,17499604313.324078
572,0.11999999999999998,0.35000000000000014,16582782914.823431
573,0.12999999999999998,0.35000000000000014,15659295660.131481
574,0.13999999999999999,0.35000000000000014,14730641973.528143
575,0.15,0.35000000000000014,13798527492.069433
576,0.16,0.35000000000000014,12864885609.315914
577,0.17,0.35000000000000014,11931901119.650465
578,0.18000000000000002,0.35000000000000014,11002036163.776373
579,0.19000000000000003,0.35000000000000014,10078058694.996035
580,0.20000000000000004,0.35000000000000014,9163073706.668516
581,0.21000000000000005,0.35000000000000014,8260557483.997799
582,0.22000000000000006,0.35000000000000014,7374395168.194027
583,0.23000000000000007,0.35000000000000014,6508921948.274977
584,0.24000000000000007,0.35000000000000014,5668968225.549796
585,0.25000000000000006,0.35000000000000014,4859909128.386812
586,0.26000000000000006,0.35000000000000014,4087718790.467286
587,0.2700000000000001,0.35000000000000014,3359029844.6457214
588,0.2800000000000001,0.35000000000000014,2681198627.0778313
589,0.2900000000000001,0.35000000000000014,2062376632.7685194
590,0.3000000000000001,0.35000000000000014,1511588814.4925575
591,0.3100000000000001,0.35000000000000014,1038819372.5389132
592,0.3200000000000001,0.35000000000000014,655105743.3481672
593,0.3300000000000001,0.35000000000000014,372641561.3098694
594,0.34000000000000014,0.35000000000000014,204889440.25972825
595,0.01,0.36000000000000015,26894294887.710045
596,0.02,0.36000000000000015,26107791722.79818
597,0.03,0.36000000000000015,25307198087.137383
598,0.04,0.36000000000000015,24492719763.689445
599,0.05,0.36000000000000015,23664627555.146416
600,0.060000000000000005,0.36000000000000015,22823264890.660324
601,0.07,0.36000000000000015,21969056196.973053
602,0.08,0.36000000000000015,21102516107.59591
603,0.09,0.36000000000000015,20224259590.69776
604,0.09999999999999999,0.36000000000000015,19335013084.034092
605,0.10999999999999999,0.36000000000000015,18435626733.650352
606,0.11999999999999998,0.36000000000000015,17527087842.28932
607,0.12999999999999998,0.36000000000000015,16610535643.498638
608,0.13999999999999999,0.36000000000000015,15687277528.454315
609,0.15,0.36000000000000015,14758806864.576332
610,0.16,0.36000000000000015,13826822558.213022
611,0.17,0.36000000000000015,12893250528.117477
612,0.18000000000000002,0.36000000000000015,11960267272.248106
613,0.19000000000000003,0.36000000000000015,11030325727.72522
614,0.20000000000000004,0.36000000000000015,10106183642.702946
615,0.21000000000000005,0.36000000000000015,9190934699.624857
616,0.22000000000000006,0.36000000000000015,8288042651.98535
617,0.23000000000000007,0.36000000000000015,7401378761.499258
618,0.24000000000000007,0.36000000000000015,6535262849.684511
619,0.25000000000000006,0.36000000000000015,5694508307.501983
620,0.26000000000000006,0.36000000000000015,4884471439.105366
621,0.2700000000000001,0.36000000000000015,4111105551.1872025
622,0.2800000000000001,0.36000000000000015,3381020238.1398225
623,0.2900000000000001,0.36000000000000015,2701546355.584629
624,0.3000000000000001,0.36000000000000015,2080807221.0851805
625,0.3100000000000001,0.36000000000000015,1527796631.405753
626,0.3200000000000001,0.36000000000000015,1052464340.8924932
627,0.3300000000000001,0.36000000000000015,665809705.8592329
628,0.34000000000000014,0.36000000000000015,379984265.7081297
629,0.35000000000000014,0.36000000000000015,208404103.400773
630,0.01,0.37000000000000016,27689223579.03588
631,0.02,0.37000000000000016,26917410716.979954
632,0.03,0.37000000000000016,26131358028.239334
633,0.04,0.37000000000000016,25331211616.105957
634,0.05,0.37000000000000016,24517175492.019928
635,0.060000000000000005,0.37000000000000016,23689518463.49867
636,0.07,0.37000000000000016,22848581716.992325
637,0.08,0.37000000000000016,21994787162.683994
638,0.09,0.37000000000000016,21128646614.631493
639,0.09999999999999999,0.37000000000000016,20250771886.63081
640,0.10999999999999999,0.37000000000000016,19361885891.82561
641,0.11999999999999998,0.37000000000000016,18462834842.455883
642,0.12999999999999998,0.37000000000000016,17554601655.29946
643,0.13999999999999999,0.37000000000000016,16638320678.38747
644,0.15,0.37000000000000016,15715293865.55008
645,0.16,0.37000000000000016,14787008537.361347
646,0.17,0.37000000000000016,13855156880.198692
647,0.18000000000000002,0.37000000000000016,12921657349.519598
648,0.19000000000000003,0.37000000000000016,11988678159.20148
649,0.20000000000000004,0.37000000000000016,11058663056.017063
650,0.21000000000000005,0.37000000000000016,10134359597.16466
651,0.22000000000000006,0.37000000000000016,9218850169.39175
652,0.23000000000000007,0.37000000000000016,8315586010.804726
653,0.24000000000000007,0.37000000000000016,7428424521.127878
654,0.25000000000000006,0.37000000000000016,6561670173.154554
655,0.26000000000000006,0.37000000000000016,5720119367.637196
656,0.2700000000000001,0.37000000000000016,4909109606.121104
657,0.2800000000000001,0.37000000000000016,4134573391.492587
658,0.2900000000000001,0.37000000000000016,3403097304.5596085
659,0.3000000000000001,0.37000000000000016,2721986747.111473
660,0.3100000000000001,0.37000000000000016,2099336887.93725
661,0.3200000000000001,0.37000000000000016,1544110398.5746949
662,0.3300000000000001,0.37000000000000016,1066222620.4947948
663,0.34000000000000014,0.37000000000000016,676634865.4177073
664,0.35000000000000014,0.37000000000000016,387456615.9559386
665,0.36000000000000015,0.37000000000000016,212057465.27821863
666,0.01,0.38000000000000017,28468926567.272095
667,0.02,0.38000000000000017,27711901289.12291
668,0.03,0.38000000000000017,26940541496.55522
669,0.04,0.38000000000000017,26154940255.83374
670,0.05,0.38000000000000017,25355242105.091522
671,0.060000000000000005,0.38000000000000017,24541649288.91854
672,0.07,0.38000000000000017,23714428624.66629
673,0.08,0.38000000000000017,22873919061.453583
674,0.09,0.38000000000000017,22020539998.663467
675,0.09999999999999999,0.38000000000000017,21154800437.075653
676,0.10999999999999999,0.38000000000000017,20277309042.735615
677,0.11999999999999998,0.38000000000000017,19388785211.277245
678,0.12999999999999998,0.38000000000000017,18490071228.751778
679,0.13999999999999999,0.38000000000000017,17582145634.141235
680,0.15,0.38000000000000017,16666137898.722095
681,0.16,0.38000000000000017,15743344548.376713
682,0.17,0.38000000000000017,14815246866.914051
683,0.18000000000000002,0.38000000000000017,13883530331.554306
684,0.19000000000000003,0.38000000000000017,12950105946.059765
685,0.20000000000000004,0.38000000000000017,12017133652.67185
686,0.21000000000000005,0.38000000000000017,11087048021.167612
687,0.22000000000000006,0.38000000000000017,10162586432.115376
688,0.23000000000000007,0.38000000000000017,9246819991.938444
689,0.24000000000000007,0.38000000000000017,8343187439.851038
690,0.25000000000000006,0.38000000000000017,7455532331.290525
691,0.26000000000000006,0.38000000000000017,6588143809.327698
692,0.2700000000000001,0.38000000000000017,5745801304.9049015
693,0.2800000000000001,0.38000000000000017,4933823538.859488
694,0.2900000000000001,0.38000000000000017,4158122233.788849
695,0.3000000000000001,0.38000000000000017,3425260982.1752176
696,0.3100000000000001,0.38000000000000017,2742519759.1108475
697,0.3200000000000001,0.38000000000000017,2117965613.768858
698,0.3300000000000001,0.38000000000000017,1560530123.8030124
699,0.34000000000000014,0.38000000000000017,1080094251.510638
700,0.35000000000000014,0.38000000000000017,687581300.2706312
701,0.36000000000000015,0.38000000000000017,395058734.91960704
702,0.37000000000000016,0.38000000000000017,215849700.8400538
703,0.01,0.3900000000000002,29233354466.973106
704,0.02,0.3900000000000002,28491164079.545753
705,0.03,0.3900000000000002,27734592958.84706
706,0.04,0.3900000000000002,26963687142.861046
707,0.05,0.3900000000000002,26178538318.850056
708,0.060000000000000005,0.3900000000000002,25379289464.154633
709,0.07,0.3900000000000002,24566141061.197247
710,0.08,0.3900000000000002,23739357942.18564
711,0.09,0.3900000000000002,22899276824.294037
712,0.09999999999999999,0.3900000000000002,22046314601.88347
713,0.10999999999999999,0.3900000000000002,21180977468.65367
714,0.11999999999999998,0.3900000000000002,20303870949.548824
715,0.12999999999999998,0.3900000000000002,19415710929.826496
716,0.13999999999999999,0.3900000000000002,18517335777.002636
717,0.15,0.3900000000000002,17609719660.475304
718,0.16,0.3900000000000002,16693987183.577734
719,0.17,0.3900000000000002,15771429453.699883
720,0.18000000000000002,0.3900000000000002,14843521728.032646
721,0.19000000000000003,0.3900000000000002,13911942785.528982
722,0.20000000000000004,0.3900000000000002,12978596189.944157
723,0.21000000000000005,0.3900000000000002,12045633624.429367
724,0.22000000000000006,0.3900000000000002,11115480495.233433
725,0.23000000000000007,0.3900000000000002,10190864020.752829
726,0.24000000000000007,0.3900000000000002,9274844042.609892
727,0.25000000000000006,0.3900000000000002,8370846817.79542
728,0.26000000000000006,0.3900000000000002,7482702075.36083
729,0.2700000000000001,0.3900000000000002,6614683647.881469
730,0.2800000000000001,0.3900000000000002,5771554017.144329
731,0.2900000000000001,0.3900000000000002,4958613145.471354
732,0.3000000000000001,0.3900000000000002,4181751999.0207095
733,0.3100000000000001,0.3900000000000002,3447511207.5854874
734,0.3200000000000001,0.3900000000000002,2763145347.125597
735,0.3300000000000001,0.3900000000000002,2136693376.8449924
736,0.34000000000000014,0.3900000000000002,1577055812.4102497
737,0.35000000000000014,0.3900000000000002,1094079271.2759376
738,0.36000000000000015,0.3900000000000002,698649085.4462473
739,0.37000000000000016,0.3900000000000002,402790741.8057617
740,0.38000000000000017,0.3900000000000002,219780980.87606275
741,0.01,0.4000000000000002,29982503478.864662
742,0.02,0.4000000000000002,29255151095.6743
743,0.03,0.4000000000000002,28513414624.479256
744,0.04,0.4000000000000002,27757298507.76671
745,0.05,0.4000000000000002,26986847572.35534
746,0.060000000000000005,0.4000000000000002,26202152130.584038
747,0.07,0.4000000000000002,25403353603.376125
748,0.08,0.4000000000000002,24590650715.68022
749,0.09,0.4000000000000002,23764306319.595856
750,0.09999999999999999,0.4000000000000002,22924654905.755283
751,0.10999999999999999,0.4000000000000002,22072110869.294662
752,0.11999999999999998,0.4000000000000002,21207177603.054386
753,0.12999999999999998,0.4000000000000002,20330457497.553097
754,0.13999999999999999,0.4000000000000002,19442662934.836647
755,0.15,0.4000000000000002,18544628371.575558
756,0.16,0.4000000000000002,17637323615.837997
757,0.17,0.4000000000000002,16721868411.874569
758,0.18000000000000002,0.4000000000000002,15799548458.095001
759,0.19000000000000003,0.4000000000000002,14871832995.284832
760,0.20000000000000004,0.4000000000000002,13940394115.095407
761,0.21000000000000005,0.4000000000000002,13007127953.05014
762,0.22000000000000006,0.4000000000000002,12074177945.855717
763,0.23000000000000007,0.4000000000000002,11143960349.814777
764,0.24000000000000007,0.4000000000000002,10219192235.741247
765,0.25000000000000006,0.4000000000000002,9302922196.129955
766,0.26000000000000006,0.4000000000000002,8398564022.588465
767,0.2700000000000001,0.4000000000000002,7509933635.879083
768,0.2800000000000001,0.4000000000000002,6641289577.532107
769,0.2900000000000001,0.4000000000000002,5797377401.088528
770,0.3000000000000001,0.4000000000000002,4983478332.837217
771,0.3100000000000001,0.4000000000000002,4205462606.6766834
772,0.3200000000000001,0.4000000000000002,3469847915.7226624
773,0.3300000000000001,0.4000000000000002,2783863464.7939434
774,0.34000000000000014,0.4000000000000002,2155520153.2566223
775,0.35000000000000014,0.4000000000000002,1593687467.2372692
776,0.36000000000000015,0.4000000000000002,1108177714.303308
777,0.37000000000000016,0.4000000000000002,709838292.7597268
778,0.38000000000000017,0.4000000000000002,410652752.16719043
779,0.3900000000000002,0.4000000000000002,223851472.02374718
780,0.01,0.4100000000000002,30716410003.110474
781,0.02,0.4100000000000002,30003859768.050777
782,0.03,0.4100000000000002,29276959889.745956
783,0.04,0.4100000000000002,28535678124.70442
784,0.05,0.4100000000000002,27780017855.478317
785,0.060000000000000005,0.4100000000000002,27010022701.529488
786,0.07,0.4100000000000002,26225781604.3593
787,0.08,0.4100000000000002,25427434432.858036
788,0.09,0.4100000000000002,24615178159.204918
789,0.09999999999999999,0.4100000000000002,23789273660.439865
790,0.10999999999999999,0.4100000000000002,22950053206.0717
791,0.11999999999999998,0.4100000000000002,22097928697.827538
792,0.12999999999999998,0.4100000000000002,21233400733.931435
793,0.13999999999999999,0.4100000000000002,20357068577.178516
794,0.15,0.4100000000000002,19469641113.59832
795,0.16,0.4100000000000002,18571948896.741726
796,0.17,0.4100000000000002,17664957381.643124
797,0.18000000000000002,0.4100000000000002,16749781462.3796
798,0.19000000000000003,0.4100000000000002,15827701437.949272
799,0.20000000000000004,0.4100000000000002,14900180543.00999
800,0.21000000000000005,0.4100000000000002,13968884192.952156
801,0.22000000000000006,0.4100000000000002,13035701106.92875
802,0.23000000000000007,0.4100000000000002,12102766487.946766
803,0.24000000000000007,0.4100000000000002,11172487456.058334
804,0.25000000000000006,0.4100000000000002,10247570949.21443
805,0.26000000000000006,0.4100000000000002,9331054326.60457
806,0.2700000000000001,0.4100000000000002,8426338931.463602
807,0.2800000000000001,0.4100000000000002,7537226894.55579
808,0.2900000000000001,0.4100000000000002,6667961486.0384445
809,0.3000000000000001,0.4100000000000002,5823271352.368416
810,0.3100000000000001,0.4100000000000002,5008419006.571552
811,0.3200000000000001,0.4100000000000002,4229253974.793636
812,0.3300000000000001,0.4100000000000002,3492271039.85721
813,0.34000000000000014,0.4100000000000002,2804674063.854471
814,0.35000000000000014,0.4100000000000002,2174445916.925957
815,0.36000000000000015,0.4100000000000002,1610425088.651699
816,0.37000000000000016,0.4100000000000002,1122389612.287712
817,0.38000000000000017,0.4100000000000002,721148990.819035
818,0.3900000000000002,0.4100000000000002,418644877.90885365
819,0.4000000000000002,0.4100000000000002,228061336.77445865
820,0.01,0.4200000000000002,31435145774.524723
821,0.02,0.4200000000000002,30737327579.373528
822,0.03,0.4200000000000002,30025227411.235184
823,0.04,0.4200000000000002,29298780774.8254
824,0.05,0.4200000000000002,28557954502.895607
825,0.060000000000000005,0.4200000000000002,27802750921.617218
826,0.07,0.4200000000000002,27033212446.90916
827,0.08,0.4200000000000002,26249426653.528244
828,0.09,0.4200000000000002,25451531862.724514
829,0.09999999999999999,0.4200000000000002,24639723298.622948
830,0.10999999999999999,0.4200000000000002,23814259868.26548
831,0.11999999999999998,0.4200000000000002,22975471625.471542
832,0.12999999999999998,0.4200000000000002,22123767984.39367
833,0.13999999999999999,0.4200000000000002,21259646754.904644
834,0.15,0.4200000000000002,20383704078.80401
835,0.16,0.4200000000000002,19496645353.33094
836,0.17,0.4200000000000002,18599297236.678097
837,0.18000000000000002,0.4200000000000002,17692620839.18363
838,0.19000000000000003,0.4200000000000002,16777726213.70853
839,0.20000000000000004,0.4200000000000002,15855888269.46362
840,0.21000000000000005,0.4200000000000002,14928564245.32132
841,0.22000000000000006,0.4200000000000002,13997412891.525965
842,0.23000000000000007,0.4200000000000002,13064315522.807142
843,0.24000000000000007,0.4200000000000002,12131399121.31519
844,0.25000000000000006,0.4200000000000002,11201061684.660164
845,0.26000000000000006,0.4200000000000002,10276000032.778675
846,0.2700000000000001,0.4200000000000002,9359240307.525024
847,0.2800000000000001,0.4200000000000002,8454171420.940561
848,0.2900000000000001,0.4200000000000002,7564581732.275391
849,0.3000000000000001,0.4200000000000002,6694699260.20579
850,0.3100000000000001,0.4200000000000002,5849235765.516951
851,0.3200000000000001,0.4200000000000002,5033435071.027191
852,0.3300000000000001,0.4200000000000002,4253126019.961401
853,0.34000000000000014,0.4200000000000002,3514780511.602665
854,0.35000000000000014,0.4200000000000002,2825577094.1512465
855,0.36000000000000015,0.4200000000000002,2193470639.6118345
856,0.37000000000000016,0.4200000000000002,1627268674.553553
857,0.38000000000000017,0.4200000000000002,1136714994.1122918
858,0.3900000000000002,0.4200000000000002,732581245.0309374
859,0.4000000000000002,0.4200000000000002,426767227.2940846
860,0.4100000000000002,0.4200000000000002,232410733.47971866
861,0.01,0.4300000000000002,32138813471.818096
862,0.02,0.4300000000000002,31455627214.03428
863,0.03,0.4300000000000002,30758255750.63085
864,0.04,0.4300000000000002,30046606336.986275
865,0.05,0.4300000000000002,29320613676.5961
866,0.060000000000000005,0.4300000000000002,28580243681.770424
867,0.07,0.4300000000000002,27825497625.85832
868,0.08,0.4300000000000002,27056416725.05509
869,0.09,0.4300000000000002,26273087191.472824
870,0.09999999999999999,0.4300000000000002,25475645803.122704
871,0.10999999999999999,0.4300000000000002,24664286040.80113
872,0.11999999999999998,0.4300000000000002,23839264846.626442
873,0.12999999999999998,0.4300000000000002,23000910064.17812
874,0.13999999999999999,0.4300000000000002,22149628625.88698
875,0.15,0.4300000000000002,21285915559.561295
876,0.16,0.4300000000000002,20410363892.758774
877,0.17,0.4300000000000002,19523675541.18426
878,0.18000000000000002,0.4300000000000002,18626673275.468956
879,0.19000000000000003,0.4300000000000002,17720313869.633423
880,0.20000000000000004,0.4300000000000002,16805702544.32764
881,0.21000000000000005,0.4300000000000002,15884108828.654808
882,0.22000000000000006,0.4300000000000002,14956983976.10799
883,0.23000000000000007,0.4300000000000002,14025980082.97411
884,0.24000000000000007,0.4300000000000002,13092971071.591106
885,0.25000000000000006,0.4300000000000002,12160075716.193192
886,0.26000000000000006,0.4300000000000002,11229682905.868454
887,0.2700000000000001,0.4300000000000002,10304479357.5159
888,0.2800000000000001,0.4300000000000002,9387480011.771147
889,0.2900000000000001,0.4300000000000002,8482061366.828819
890,0.3000000000000001,0.4300000000000002,7591998029.099931
891,0.3100000000000001,0.4300000000000002,6721502785.889827
892,0.3200000000000001,0.4300000000000002,5875270533.973242
893,0.3300000000000001,0.4300000000000002,5058526429.2997055
894,0.34000000000000014,0.4300000000000002,4277078657.327445
895,0.35000000000000014,0.4300000000000002,3537376260.9205556
896,0.36000000000000015,0.4300000000000002,2846572503.6390104
897,0.37000000000000016,0.4300000000000002,2212594290.9151297
898,0.38000000000000017,0.4300000000000002,1644218220.3808894
899,0.3900000000000002,0.4300000000000002,1151153885.8542948
900,0.4000000000000002,0.4300000000000002,744135117.6071614
901,0.4100000000000002,0.4300000000000002,435019904.9509349
902,0.4200000000000002,0.4300000000000002,236899816.3577484
903,0.01,0.4400000000000002,32827542757.29895
904,0.02,0.4400000000000002,32158862180.371906
905,0.03,0.4400000000000002,31476118538.564247
906,0.04,0.4400000000000002,30779194448.30255
907,0.05,0.4400000000000002,30067996473.9215
908,0.060000000000000005,0.4400000000000002,29342458520.788315
909,0.07,0.4400000000000002,28602545584.090366
910,0.08,0.4400000000000002,27848257887.9168
911,0.09,0.4400000000000002,27079635452.563858
912,0.09999999999999999,0.4400000000000002,26296763131.605453
913,0.10999999999999999,0.4400000000000002,25499776164.223694
914,0.11999999999999998,0.4400000000000002,24688866292.62244
915,0.12999999999999998,0.4400000000000002,23864288499.083466
916,0.13999999999999999,0.4400000000000002,23026368422.4109
917,0.15,0.4400000000000002,22175510519.184845
918,0.16,0.4400000000000002,21312207041.45745
919,0.17,0.4400000000000002,20437047909.323654
920,0.18000000000000002,0.4400000000000002,19550731564.239918
921,0.19000000000000003,0.4400000000000002,18654076897.107628
922,0.20000000000000004,0.4400000000000002,17748036354.04909
923,0.21000000000000005,0.4400000000000002,16833710332.555666
924,0.22000000000000006,0.4400000000000002,15912362991.357368
925,0.23000000000000007,0.4400000000000002,14985439609.037323
926,0.24000000000000007,0.4400000000000002,14054585639.186668
927,0.25000000000000006,0.4400000000000002,13121667623.86753
928,0.26000000000000006,0.4400000000000002,12188796142.435066
929,0.2700000000000001,0.4400000000000002,11258350989.486403
930,0.2800000000000001,0.4400000000000002,10333008793.986683
931,0.2900000000000001,0.4400000000000002,9415773311.614643
932,0.3000000000000001,0.4400000000000002,8510008644.231077
933,0.3100000000000001,0.4400000000000002,7619475664.272747
934,0.3200000000000001,0.4400000000000002,6748371948.000598
935,0.3300000000000001,0.4400000000000002,5901375550.086807
936,0.34000000000000014,0.4400000000000002,5083692983.23189
937,0.35000000000000014,0.4400000000000002,4301111800.601586
938,0.36000000000000015,0.4400000000000002,3560058216.125409
939,0.37000000000000016,0.4400000000000002,2867660238.388426
940,0.38000000000000017,0.4400000000000002,2231816838.284296
941,0.3900000000000002,0.4400000000000002,1661273719.1156478
942,0.4000000000000002,0.4400000000000002,1165706310.791133
943,0.4100000000000002,0.4400000000000002,755810667.5707016
944,0.4200000000000002,0.4400000000000002,443403011.8787101
945,0.4300000000000002,0.4400000000000002,241528735.5001885
946,0.01,0.45000000000000023,33501486707.39347
947,0.02,0.45000000000000023,32847162862.183495
948,0.03,0.45000000000000023,32178920109.865013
949,0.04,0.45000000000000023,31496619682.3034
950,0.05,0.45000000000000023,30800143603.860023
951,0.060000000000000005,0.45000000000000023,30089397750.707924
952,0.07,0.45000000000000023,29364315233.17972
953,0.08,0.45000000000000023,28624860132.661552
954,0.09,0.45000000000000023,27871031627.548897
955,0.09999999999999999,0.45000000000000023,27102868546.068703
956,0.10999999999999999,0.45000000000000023,26320454387.36981
957,0.11999999999999998,0.45000000000000023,25523922856.223396
958,0.12999999999999998,0.45000000000000023,24713463960.987003
959,0.13999999999999999,0.45000000000000023,23889330729.205296
960,0.15,0.45000000000000023,23051846600.38666
961,0.16,0.45000000000000023,22201413561.149445
962,0.17,0.45000000000000023,21338521094.11926
963,0.18000000000000002,0.45000000000000023,20463756018.73257
964,0.19000000000000003,0.45000000000000023,19577813309.512917
965,0.20000000000000004,0.45000000000000023,18681507985.498043
966,0.21000000000000005,0.45000000000000023,17775788173.371643
967,0.22000000000000006,0.45000000000000023,16861749456.565702
968,0.23000000000000007,0.45000000000000023,15940650633.225708
969,0.24000000000000007,0.45000000000000023,15013931017.55698
970,0.25000000000000006,0.45000000000000023,14083229431.788906
971,0.26000000000000006,0.45000000000000023,13150405049.906925
972,0.2700000000000001,0.45000000000000023,12217560269.519974
973,0.2800000000000001,0.45000000000000023,11287065804.87515
974,0.2900000000000001,0.45000000000000023,10361588212.233294
975,0.3000000000000001,0.45000000000000023,9444120078.722303
976,0.3100000000000001,0.45000000000000023,8538013127.546801
977,0.3200000000000001,0.45000000000000023,7647014516.222246
978,0.3300000000000001,0.45000000000000023,6775306630.506443
979,0.34000000000000014,0.45000000000000023,5927550705.121741
980,0.35000000000000014,0.45000000000000023,5108934633.418228
981,0.36000000000000015,0.45000000000000023,4325225362.060751
982,0.37000000000000016,0.45000000000000023,3582826303.889767
983,0.38000000000000017,0.45000000000000023,2888840242.591428
984,0.3900000000000002,0.45000000000000023,2251138247.02098
985,0.4000000000000002,0.45000000000000023,1678435161.2895093
986,0.4100000000000002,0.45000000000000023,1180372289.4065547
987,0.4200000000000002,0.45000000000000023,767607950.7622654
988,0.4300000000000002,0.45000000000000023,451916645.45465994
989,0.4400000000000002,0.45000000000000023,246297636.8790274
990,0.01,0.46000000000000024,34160818597.933975
991,0.02,0.46000000000000024,33520682959.96492
992,0.03,0.46000000000000024,32866791566.87169
993,0.04,0.46000000000000024,32198987197.16906
994,0.05,0.46000000000000024,31517130579.493362
995,0.060000000000000005,0.46000000000000024,30821103148.82645
996,0.07,0.46000000000000024,30110810096.06279
997,0.08,0.46000000000000024,29386183739.59609
998,0.09,0.46000000000000024,28647187250.33535
999,0.09999999999999999,0.46000000000000024,27893818764.55258
1000,0.10999999999999999,0.46000000000000024,27126115922.24023
1001,0.11999999999999998,0.46000000000000024,26344160872.2417
1002,0.12999999999999998,0.46000000000000024,25548085789.343456
1003,0.13999999999999999,0.46000000000000024,24738078952.81307
1004,0.15,0.46000000000000024,23914391440.569748
1005,0.16,0.46000000000000024,23077344498.320625
1006,0.17,0.46000000000000024,22227337648.62887
1007,0.18000000000000002,0.46000000000000024,21364857611.04428
1008,0.19000000000000003,0.46000000000000024,20490488111.173943
1009,0.20000000000000004,0.46000000000000024,19604920663.953136
1010,0.21000000000000005,0.46000000000000024,18708966424.456398
1011,0.22000000000000006,0.46000000000000024,17803569208.428314
1012,0.23000000000000007,0.46000000000000024,16889819794.38707
1013,0.24000000000000007,0.46000000000000024,15968971629.736074
1014,0.25000000000000006,0.46000000000000024,15042458074.897125
1015,0.26000000000000006,0.46000000000000024,14111911332.14357
1016,0.2700000000000001,0.46000000000000024,13179183219.665892
1017,0.2800000000000001,0.46000000000000024,12246367966.554586
1018,0.2900000000000001,0.46000000000000024,11315827220.956553
1019,0.3000000000000001,0.46000000000000024,10390217481.782799
1020,0.3100000000000001,0.46000000000000024,9472520184.159351
1021,0.3200000000000001,0.46000000000000024,8566074690.475695
1022,0.3300000000000001,0.46000000000000024,7674614462.565637
1023,0.34000000000000014,0.46000000000000024,6802306716.438085
1024,0.35000000000000014,0.46000000000000024,5953795889.261047
1025,0.36000000000000015,0.46000000000000024,5134251279.209479
1026,0.37000000000000016,0.46000000000000024,4349419252.553827
1027,0.38000000000000017,0.46000000000000024,3605680449.249336
1028,0.3900000000000002,0.46000000000000024,2910112458.5666013
1029,0.4000000000000002,0.46000000000000024,2270558480.285735
1030,0.4100000000000002,0.46000000000000024,1695702534.9899287
1031,0.4200000000000002,0.46000000000000024,1195151839.3969467
1032,0.4300000000000002,0.46000000000000024,779527019.8468467
1033,0.4400000000000002,0.46000000000000024,460560899.4408375
1034,0.45000000000000023,0.46000000000000024,251206662.3537022
1035,0.01,0.47000000000000025,34805729011.42707
1036,0.02,0.47000000000000025,34179596285.928875
1037,0.03,0.47000000000000025,33539887231.382755
1038,0.04,0.47000000000000025,32886428810.83064
1039,0.05,0.47000000000000025,32219063379.209793
1040,0.060000000000000005,0.47000000000000025,31537651164.42926
1041,0.07,0.47000000000000025,30842073014.777344
1042,0.08,0.47000000000000025,30132233438.754135
1043,0.09,0.47000000000000025,29408063965.911774
1044,0.09999999999999999,0.47000000000000025,28669526860.00904
1045,0.10999999999999999,0.47000000000000025,27916619218.76832
1046,0.11999999999999998,0.47000000000000025,27149377497.78727
1047,0.12999999999999998,0.47000000000000025,26367882499.72989
1048,0.13999999999999999,0.47000000000000025,25572264873.832184
1049,0.15,0.47000000000000025,24762711175.037952
1050,0.16,0.47000000000000025,23939470536.764782
1051,0.17,0.47000000000000025,23102862016.427567
1052,0.18000000000000002,0.47000000000000025,22253282678.458424
1053,0.19000000000000003,0.47000000000000025,21391216485.7028
1054,0.20000000000000004,0.47000000000000025,20517244076.792072
1055,0.21000000000000005,0.47000000000000025,19632053514.446896
1056,0.22000000000000006,0.47000000000000025,18736452097.7128
1057,0.23000000000000007,0.47000000000000025,17831379339.934284
1058,0.24000000000000007,0.47000000000000025,16917921223.907207
1059,0.25000000000000006,0.47000000000000025,15997325856.188606
1060,0.26000000000000006,0.47000000000000025,15071020654.072586
1061,0.2700000000000001,0.47000000000000025,14140631211.353245
1062,0.2800000000000001,0.47000000000000025,13208002002.78969
1063,0.2900000000000001,0.47000000000000025,12275219102.275814
1064,0.3000000000000001,0.47000000000000025,11344635106.21614
1065,0.3100000000000001,0.47000000000000025,10418896471.650188
1066,0.3200000000000001,0.47000000000000025,9500973498.392733
1067,0.3300000000000001,0.47000000000000025,8594193206.021267
1068,0.34000000000000014,0.47000000000000025,7702275380.112722
1069,0.35000000000000014,0.47000000000000025,6829372087.89258
1070,0.36000000000000015,0.47000000000000025,5980110991.610918
1071,0.37000000000000016,0.47000000000000025,5159642818.717232
1072,0.38000000000000017,0.47000000000000025,4373693381.506522
1073,0.3900000000000002,0.47000000000000025,3628620575.6081305
1074,0.4000000000000002,0.47000000000000025,2931476826.7646894
1075,0.4100000000000002,0.47000000000000025,2290077499.1037903
1076,0.4200000000000002,0.47000000000000025,1713075825.8662295
1077,0.4300000000000002,0.47000000000000025,1210044975.6777635
1078,0.4400000000000002,0.47000000000000025,791567924.3204681
1079,0.45000000000000023,0.47000000000000025,469335863.9911298
1080,0.46000000000000024,0.47000000000000025,256255949.67841905
1081,0.01,0.48000000000000026,35436423236.48016
1082,0.02,0.48000000000000026,34824093880.101776
1083,0.03,0.48000000000000026,34198381449.394703
1084,0.04,0.48000000000000026,33559099463.621284
1085,0.05,0.48000000000000026,32906074533.58236
1086,0.060000000000000005,0.48000000000000026,32239148592.96752
1087,0.07,0.48000000000000026,31558181371.46009
1088,0.08,0.48000000000000026,30863053133.341095
1089,0.09,0.48000000000000026,30153667707.60133
1090,0.09999999999999999,0.48000000000000026,29429955838.050476
1091,0.10999999999999999,0.48000000000000026,28691878884.62654
1092,0.11999999999999998,0.48000000000000026,27939432910.079746
1093,0.12999999999999998,0.48000000000000026,27172653189.4576
1094,0.13999999999999999,0.48000000000000026,26391619183.376923
1095,0.15,0.48000000000000026,25596460019.9654
1096,0.16,0.48000000000000026,24787360534.61905
1097,0.17,0.48000000000000026,23964567921.389534
1098,0.18000000000000002,0.48000000000000026,23128399054.92295
1099,0.19000000000000003,0.48000000000000026,22279248547.46176
1100,0.20000000000000004,0.48000000000000026,21417597611.539085
1101,0.21000000000000005,0.48000000000000026,20544023805.688572
1102,0.22000000000000006,0.48000000000000026,19659211747.81841
1103,0.23000000000000007,0.48000000000000026,18763964888.91285
1104,0.24000000000000007,0.48000000000000026,17859218448.494404
1105,0.25000000000000006,0.48000000000000026,16946053622.873577
1106,0.26000000000000006,0.48000000000000026,16025713187.70935
1107,0.2700000000000001,0.48000000000000026,15099618627.885075
1108,0.2800000000000001,0.48000000000000026,14169388940.262737
1109,0.2900000000000001,0.48000000000000026,13236861268.614727
1110,0.3000000000000001,0.48000000000000026,12304113545.053455
1111,0.3100000000000001,0.48000000000000026,11373489328.706013
1112,0.3200000000000001,0.48000000000000026,10447625050.341433
1113,0.3300000000000001,0.48000000000000026,9529479891.294464
1114,0.34000000000000014,0.48000000000000026,8622368546.494442
1115,0.35000000000000014,0.48000000000000026,7729997144.869744
1116,0.36000000000000015,0.48000000000000026,6856502626.037479
1117,0.37000000000000016,0.48000000000000026,6006495900.205088
1118,0.38000000000000017,0.48000000000000026,5185109148.81854
1119,0.3900000000000002,0.48000000000000026,4398047656.926285
1120,0.4000000000000002,0.48000000000000026,3651646604.743722
1121,0.4100000000000002,0.48000000000000026,2952933285.774123
1122,0.4200000000000002,0.48000000000000026,2309695262.3709555
1123,0.4300000000000002,0.48000000000000026,1730555017.1358068
1124,0.4400000000000002,0.48000000000000026,1225051710.3900428
1125,0.45000000000000023,0.48000000000000026,803730710.5170363
1126,0.46000000000000024,0.48000000000000026,478241625.6584445
1127,0.47000000000000025,0.48000000000000026,261445632.50963616
1128,0.01,0.49000000000000027,36053118932.264915
1129,0.02,0.49000000000000027,35454381417.75963
1130,0.03,0.49000000000000027,34842465716.01822
1131,0.04,0.49000000000000027,34217174032.72443
1132,0.05,0.49000000000000027,33578319598.710087
1133,0.060000000000000005,0.49000000000000027,32925728674.70413
1134,0.07,0.49000000000000027,32259242775.477573
1135,0.08,0.49000000000000027,31578721134.989273
1136,0.09,0.49000000000000027,30884043436.199497
1137,0.09999999999999999,0.49000000000000027,30175112831.475685
1138,0.10999999999999999,0.49000000000000027,29451859281.9858
1139,0.11999999999999998,0.49000000000000027,28714243247.17901
1140,0.12999999999999998,0.49000000000000027,27962259758.41445
1141,0.13999999999999999,0.49000000000000027,27195942914.038773
1142,0.15,0.49000000000000027,26415370836.76002
1143,0.16,0.49000000000000027,25620671138.047413
1144,0.17,0.49000000000000027,24812026938.53479
1145,0.18000000000000002,0.49000000000000027,23989683498.05536
1146,0.19000000000000003,0.49000000000000027,23153955514.024063
1147,0.20000000000000004,0.49000000000000027,22305235152.452164
1148,0.21000000000000005,0.49000000000000027,21444000881.97276
1149,0.22000000000000006,0.49000000000000027,20570827187.923775
1150,0.23000000000000007,0.49000000000000027,19686395250.831345
1151,0.24000000000000007,0.49000000000000027,18791504681.619347
1152,0.25000000000000006,0.49000000000000027,17887086414.605045
1153,0.26000000000000006,0.49000000000000027,16974216868.895512
1154,0.2700000000000001,0.49000000000000027,16054133499.25233
1155,0.2800000000000001,0.49000000000000027,15128251868.92534
1156,0.2900000000000001,0.49000000000000027,14198184389.461369
1157,0.3000000000000001,0.49000000000000027,13265760886.171078
1158,0.3100000000000001,0.49000000000000027,12333051162.892982
1159,0.3200000000000001,0.49000000000000027,11402389756.047745
1160,0.3300000000000001,0.49000000000000027,10476403085.856667
1161,0.34000000000000014,0.49000000000000027,9558039232.144962
1162,0.35000000000000014,0.49000000000000027,8650600583.517067
1163,0.36000000000000015,0.49000000000000027,7757779632.043173
1164,0.37000000000000016,0.49000000000000027,6883698211.114859
1165,0.38000000000000017,0.49000000000000027,6032950502.009235
1166,0.3900000000000002,0.49000000000000027,5210650165.160629
1167,0.4000000000000002,0.49000000000000027,4422481985.407324
1168,0.4100000000000002,0.49000000000000027,3674758456.81255
1169,0.4200000000000002,0.49000000000000027,2974481772.326679
1170,0.4300000000000002,0.49000000000000027,2329411726.859568
1171,0.4400000000000002,0.49000000000000027,1748140089.5904288
1172,0.45000000000000023,0.49000000000000027,1240172052.9070787
1173,0.46000000000000024,0.49000000000000027,816015421.6153514
1174,0.47000000000000025,0.49000000000000027,487278267.40204513
1175,0.48000000000000026,0.49000000000000027,266775840.41376245
1176,0.01,0.5000000000000002,36656044033.35202
1177,0.02,0.5000000000000002,36070676881.15576
1178,0.03,0.5000000000000002,35472346090.91436
1179,0.04,0.5000000000000002,34860844465.89979
1180,0.05,0.5000000000000002,34235973980.366325
1181,0.060000000000000005,0.5000000000000002,33597547578.734364
1182,0.07,0.5000000000000002,32945391173.82892
1183,0.08,0.5000000000000002,32279345863.830757
1184,0.09,0.5000000000000002,31599270389.47513
1185,0.09999999999999999,0.5000000000000002,30905043855.088245
1186,0.10999999999999999,0.5000000000000002,30196568739.301003
1187,0.11999999999999998,0.5000000000000002,29473774223.741844
1188,0.12999999999999998,0.5000000000000002,28736619870.705555
1189,0.13999999999999999,0.5000000000000002,27985099683.74462
1190,0.15,0.5000000000000002,27219246588.35881
1191,0.16,0.5000000000000002,26439137373.491806
1192,0.17,0.5000000000000002,25644898138.411842
1193,0.18000000000000002,0.5000000000000002,24836710293.785576
1194,0.19000000000000003,0.5000000000000002,24014817170.38685
1195,0.20000000000000004,0.5000000000000002,23179531293.951126
1196,0.21000000000000005,0.5000000000000002,22331242390.23372
1197,0.22000000000000006,0.5000000000000002,21470426190.400063
1198,0.23000000000000007,0.5000000000000002,20597654113.518105
1199,0.24000000000000007,0.5000000000000002,19713603910.19031
1200,0.25000000000000006,0.5000000000000002,18819071359.31386
1201,0.26000000000000006,0.5000000000000002,17914983118.65575
1202,0.2700000000000001,0.5000000000000002,17002410839.446152
1203,0.2800000000000001,0.5000000000000002,16082586665.601578
1204,0.2900000000000001,0.5000000000000002,15156920249.575405
1205,0.3000000000000001,0.5000000000000002,14227017429.285345
1206,0.3100000000000001,0.5000000000000002,13294700724.185036
1207,0.3200000000000001,0.5000000000000002,12362031823.43818
1208,0.3300000000000001,0.5000000000000002,11431336255.435284
1209,0.34000000000000014,0.5000000000000002,10505230445.69325
1210,0.35000000000000014,0.5000000000000002,9586651389.63644
1211,0.36000000000000015,0.5000000000000002,8678889188.025566
1212,0.37000000000000016,0.5000000000000002,7785622716.043617
1213,0.38000000000000017,0.5000000000000002,6910958722.445508
1214,0.3900000000000002,0.5000000000000002,6059474682.925341
1215,0.4000000000000002,0.5000000000000002,5236265762.165567
1216,0.4100000000000002,0.5000000000000002,4446996272.13558
1217,0.4200000000000002,0.5000000000000002,3697956050.355254
1218,0.4300000000000002,0.5000000000000002,2996122221.3031244
1219,0.4400000000000002,0.5000000000000002,2349226847.2245283
1220,0.45000000000000023,0.5000000000000002,1765831021.6026623
1221,0.46000000000000024,0.5000000000000002,1255406009.841171
1222,0.47000000000000025,0.5000000000000002,828422097.6462402
1223,0.48000000000000026,0.5000000000000002,496445868.59508634
1224,0.49000000000000027,0.5000000000000002,272246698.87502635
1225,0.01,0.5100000000000002,37245434872.486145
1226,0.02,0.5100000000000002,36673208470.942245
1227,0.03,0.5100000000000002,36088240877.27791
1228,0.04,0.5100000000000002,35490317204.91076
1229,0.05,0.5100000000000002,34879230076.52501
1230,0.060000000000000005,0.5100000000000002,34254781236.824394
1231,0.07,0.5100000000000002,33616783345.83537
1232,0.08,0.5100000000000002,32965061970.645847
1233,0.09,0.5100000000000002,32299457795.173813
1234,0.09999999999999999,0.5100000000000002,31619829069.4314
1235,0.10999999999999999,0.5100000000000002,30926054321.797543
1236,0.11999999999999998,0.5100000000000002,30218035360.05414
1237,0.12999999999999998,0.5100000000000002,29495700589.393883
1238,0.13999999999999999,0.5100000000000002,28759008678.293873
1239,0.15,0.5100000000000002,28007952606.087822
1240,0.16,0.5100000000000002,27242564129.28707
1241,0.17,0.5100000000000002,26462918707.221256
1242,0.18000000000000002,0.5100000000000002,25669140931.42256
1243,0.19000000000000003,0.5100000000000002,24861410507.39483
1244,0.20000000000000004,0.5100000000000002,24039968842.02295
1245,0.21000000000000005,0.5100000000000002,23205126294.928444
1246,0.22000000000000006,0.5100000000000002,22357270157.602547
1247,0.23000000000000007,0.5100000000000002,21496873430.1952
1248,0.24000000000000007,0.5100000000000002,20624504472.453533
1249,0.25000000000000006,0.5100000000000002,19740837612.542446
1250,0.26000000000000006,0.5100000000000002,18846664805.3984
1251,0.2700000000000001,0.5100000000000002,17942908440.931076
1252,0.2800000000000001,0.5100000000000002,17030635411.864357
1253,0.2900000000000001,0.5100000000000002,16111072561.373125
1254,0.3000000000000001,0.5100000000000002,15185623642.010717
1255,0.3100000000000001,0.5100000000000002,14255887929.820183
1256,0.3200000000000001,0.5100000000000002,13323680651.081654
1257,0.3300000000000001,0.5100000000000002,12391055393.973984
1258,0.34000000000000014,0.5100000000000002,11460328693.637964
1259,0.35000000000000014,0.5100000000000002,10534106996.849024
1260,0.36000000000000015,0.5100000000000002,9615316231.876286
1261,0.37000000000000016,0.5100000000000002,8707234230.274593
1262,0.38000000000000017,0.5100000000000002,7813526270.489695
1263,0.3900000000000002,0.5100000000000002,6938284038.433077
1264,0.4000000000000002,0.5100000000000002,6086068327.796237
1265,0.4100000000000002,0.5100000000000002,5261955833.03508
1266,0.4200000000000002,0.5100000000000002,4471590420.893845
1267,0.4300000000000002,0.5100000000000002,3721239302.302108
1268,0.4400000000000002,0.5100000000000002,3017854565.739043
1269,0.45000000000000023,0.5100000000000002,2369140576.0094566
1270,0.46000000000000024,0.5100000000000002,1783627789.1323633
1271,0.47000000000000025,0.5100000000000002,1270753585.0505555
1272,0.48000000000000026,0.5100000000000002,840950775.4998534
1273,0.49000000000000027,0.5100000000000002,505744505.0322682
1274,0.5000000000000002,0.5100000000000002,277858329.3035389
1275,0.01,0.5200000000000002,37821534500.90321
1276,0.02,0.5200000000000002,37262212734.91547
1277,0.03,0.5200000000000002,36690378539.83712
1278,0.04,0.5200000000000002,36105810871.75455
1279,0.05,0.5200000000000002,35508294708.769966
1280,0.060000000000000005,0.5200000000000002,34897622494.727905
1281,0.07,0.5200000000000002,34273595746.65866
1282,0.08,0.5200000000000002,33636026842.210785
1283,0.09,0.5200000000000002,32984741004.900604
1284,0.09999999999999999,0.5200000000000002,32319578506.709885
1285,0.10999999999999999,0.5200000000000002,31640397109.42768
1286,0.11999999999999998,0.5200000000000002,30947074768.172585
1287,0.12999999999999998,0.5200000000000002,30239512622.765617
1288,0.13999999999999999,0.5200000000000002,29517638305.068935
1289,0.15,0.5200000000000002,28781409593.080948
1290,0.16,0.5200000000000002,28030818445.50767
1291,0.17,0.5200000000000002,27265895453.734962
1292,0.18000000000000002,0.5200000000000002,26486714751.634434
1293,0.19000000000000003,0.5200000000000002,25693399427.47457
1294,0.20000000000000004,0.5200000000000002,24886127486.409855
1295,0.21000000000000005,0.5200000000000002,24065138416.617935
1296,0.22000000000000006,0.5200000000000002,23230740417.185497
1297,0.23000000000000007,0.5200000000000002,22383318351.348
1298,0.24000000000000007,0.5200000000000002,21523342494.711582
1299,0.25000000000000006,0.5200000000000002,20651378154.67498
1300,0.26000000000000006,0.5200000000000002,19768096244.47883
1301,0.2700000000000001,0.5200000000000002,18874284903.197006
1302,0.2800000000000001,0.5200000000000002,17970862261.612324
1303,0.2900000000000001,0.5200000000000002,17058890463.356548
1304,0.3000000000000001,0.5200000000000002,16139591061.017107
1305,0.3100000000000001,0.5200000000000002,15214361918.20237
1306,0.3200000000000001,0.5200000000000002,14284795760.902977
1307,0.3300000000000001,0.5200000000000002,13352700534.98729
1308,0.34000000000000014,0.5200000000000002,12420121741.429111
1309,0.35000000000000014,0.5200000000000002,11489366937.00336
1310,0.36000000000000015,0.5200000000000002,10563032605.825392
1311,0.37000000000000016,0.5200000000000002,9644033626.39043
1312,0.38000000000000017,0.5200000000000002,8735635579.840626
1313,0.3900000000000002,0.5200000000000002,7841490168.211908
1314,0.4000000000000002,0.5200000000000002,6965674036.568266
1315,0.4100000000000002,0.5200000000000002,6112731320.410012
1316,0.4200000000000002,0.5200000000000002,5287720269.755281
1317,0.4300000000000002,0.5200000000000002,4496264334.066908
1318,0.4400000000000002,0.5200000000000002,3744608127.978488
1319,0.45000000000000023,0.5200000000000002,3039678736.8306265
1320,0.46000000000000024,0.5200000000000002,2389152863.652881
1321,0.47000000000000025,0.5200000000000002,1801530365.7332568
1322,0.48000000000000026,0.5200000000000002,1286214779.6463382
1323,0.49000000000000027,0.5200000000000002,853601488.933043
1324,0.5000000000000002,0.5200000000000002,515174248.937669
1325,0.5100000000000002,0.5200000000000002,283610849.0435399
1326,0.01,0.5300000000000002,38384591187.64194
1327,0.02,0.5300000000000002,37837932893.74377
1328,0.03,0.5300000000000002,37278995839.56195
1329,0.04,0.5300000000000002,36707554193.231865
1330,0.05,0.5300000000000002,36123386815.76298
1331,0.060000000000000005,0.5300000000000002,35526278551.568146
1332,0.07,0.5300000000000002,34916021667.3983
1333,0.08,0.5300000000000002,34292417454.485588
1334,0.09,0.5300000000000002,33655278010.115116
1335,0.09999999999999999,0.5300000000000002,33004428216.39582
1336,0.10999999999999999,0.5300000000000002,32339707935.69894
1337,0.11999999999999998,0.5300000000000002,31660974444.089973
1338,0.12999999999999998,0.5300000000000002,30968105126.11403
1339,0.13999999999999999,0.5300000000000002,30261000456.520145
1340,0.15,0.5300000000000002,29539587296.946373
1341,0.16,0.5300000000000002,28803822538.253647
1342,0.17,0.5300000000000002,28053697122.11454
1343,0.18000000000000002,0.5300000000000002,27289240478.656666
1344,0.19000000000000003,0.5300000000000002,26510525420.455376
1345,0.20000000000000004,0.5300000000000002,25717673536.994896
1346,0.21000000000000005,0.5300000000000002,24910861137.902878
1347,0.22000000000000006,0.5300000000000002,24090325797.842445
1348,0.23000000000000007,0.5300000000000002,23256373560.958073
1349,0.24000000000000007,0.5300000000000002,22409386868.25386
1350,0.25000000000000006,0.5300000000000002,21549833277.2832
1351,0.26000000000000006,0.5300000000000002,20678275050.091663
1352,0.2700000000000001,0.5300000000000002,19795379692.536045
1353,0.2800000000000001,0.5300000000000002,18901931535.957466
1354,0.2900000000000001,0.5300000000000002,17998844460.779274
1355,0.3000000000000001,0.5300000000000002,17087175870.998598
1356,0.3100000000000001,0.5300000000000002,16168142038.819784
1357,0.3200000000000001,0.5300000000000002,15243134949.919304
1358,0.3300000000000001,0.5300000000000002,14313740792.124855
1359,0.34000000000000014,0.5300000000000002,13381760243.732138
1360,0.35000000000000014,0.5300000000000002,12449230732.378887
1361,0.36000000000000015,0.5300000000000002,11518450851.460293
1362,0.37000000000000016,0.5300000000000002,10592007138.630512
1363,0.38000000000000017,0.5300000000000002,9672803440.12677
1364,0.3900000000000002,0.5300000000000002,8764093105.625658
1365,0.4000000000000002,0.5300000000000002,7869514281.256666
1366,0.4100000000000002,0.5300000000000002,6993128593.433019
1367,0.4200000000000002,0.5300000000000002,6139463543.504564
1368,0.4300000000000002,0.5300000000000002,5313558963.101578
1369,0.4400000000000002,0.5300000000000002,4521017912.6466675
1370,0.45000000000000023,0.5300000000000002,3768062441.110401
1371,0.46000000000000024,0.5300000000000002,3061594663.9405813
1372,0.47000000000000025,0.5300000000000002,2409263658.4945316
1373,0.48000000000000026,0.5300000000000002,1819538722.559667
1374,0.49000000000000027,0.5300000000000002,1301789591.9996712
1375,0.5000000000000002,0.5300000000000002,866374268.5769389
1376,0.5100000000000002,0.5300000000000002,524735168.9727118
1377,0.5200000000000002,0.5300000000000002,289504371.3818286
1378,0.01,0.5400000000000003,38934857080.98451
1379,0.02,0.5400000000000003,38400617345.17999
1380,0.03,0.5400000000000003,37854336164.794556
1381,0.04,0.5400000000000003,37295784141.60991
1382,0.05,0.5400000000000003,36724735384.37509
1383,0.060000000000000005,0.5400000000000003,36140968660.53491
1384,0.07,0.5400000000000003,35544268682.436806
1385,0.08,0.5400000000000003,34934427541.48217
1386,0.09,0.5400000000000003,34311246304.97844
1387,0.09999999999999999,0.5400000000000003,33674536791.860054
1388,0.10999999999999999,0.5400000000000003,33024123544.99153
1389,0.11999999999999998,0.5400000000000003,32359846019.458252
1390,0.12999999999999998,0.5400000000000003,31681561008.101128
1391,0.13999999999999999,0.5400000000000003,30989145327.578636
1392,0.15,0.5400000000000003,30282498790.4572
1393,0.16,0.5400000000000003,29561547491.258568
1394,0.17,0.5400000000000003,28826247437.049446
1395,0.18000000000000002,0.5400000000000003,28076588556.066322
1396,0.19000000000000003,0.5400000000000003,27312599121.050034
1397,0.20000000000000004,0.5400000000000003,26534350627.446888
1398,0.21000000000000005,0.5400000000000003,25741963170.443497
1399,0.22000000000000006,0.5400000000000003,24935611368.971954
1400,0.23000000000000007,0.5400000000000003,24115530889.384583
1401,0.24000000000000007,0.5400000000000003,23282025626.489403
1402,0.25000000000000006,0.5400000000000003,22435475605.09958
1403,0.26000000000000006,0.5400000000000003,21576345671.22587
1404,0.2700000000000001,0.5400000000000003,20705195048.578575
1405,0.2800000000000001,0.5400000000000003,19822687843.19772
1406,0.2900000000000001,0.5400000000000003,18929604586.852848
1407,0.3000000000000001,0.5400000000000003,18026854918.412003
1408,0.3100000000000001,0.5400000000000003,17115491511.737839
1409,0.3200000000000001,0.5400000000000003,16196725368.905552
1410,0.3300000000000001,0.5400000000000003,15271942608.730509
1411,0.34000000000000014,0.5400000000000003,14342722892.833305
1412,0.35000000000000014,0.5400000000000003,13410859644.852837
1413,0.36000000000000015,0.5400000000000003,12478382233.047962
1414,0.37000000000000016,0.5400000000000003,11547580302.52179
1415,0.38000000000000017,0.5400000000000003,10621030460.782518
1416,0.3900000000000002,0.5400000000000003,9701625539.458645
1417,0.4000000000000002,0.5400000000000003,8792606675.860884
1418,0.4100000000000002,0.5400000000000003,7897598480.890141
1419,0.4200000000000002,0.5400000000000003,7020647584.704828
1420,0.4300000000000002,0.5400000000000003,6166264878.772173
1421,0.4400000000000002,0.5400000000000003,5339471802.643527
1422,0.45000000000000023,0.5400000000000003,4545851056.237439
1423,0.46000000000000024,0.5400000000000003,3791602153.8300824
1424,0.47000000000000025,0.5400000000000003,3083602274.6041203
1425,0.48000000000000026,0.5400000000000003,2429472906.7817106
1426,0.49000000000000027,0.5400000000000003,1837652828.3732896
1427,0.5000000000000002,0.5400000000000003,1317478017.7489452
1428,0.5100000000000002,0.5400000000000003,879269141.9445946
1429,0.5200000000000002,0.5400000000000003,534427330.2443296
1430,0.5300000000000002,0.5400000000000003,295539005.5563731
1431,0.01,0.5500000000000003,39472587016.69333
1432,0.02,0.5500000000000003,38950518329.94022
1433,0.03,0.5500000000000003,38416648040.35564
1434,0.04,0.5500000000000003,37870744271.147964
1435,0.05,0.5500000000000003,37312577596.29611
1436,0.060000000000000005,0.5500000000000003,36741922066.56897
1437,0.07,0.5500000000000003,36158556357.35675
1438,0.08,0.5500000000000003,35562265050.563126
1439,0.09,0.5500000000000003,34952840063.981964
1440,0.09999999999999999,0.5500000000000003,34330082242.8676
1441,0.10999999999999999,0.5500000000000003,33693803129.814903
1442,0.11999999999999998,0.5500000000000003,33043826930.6056
1443,0.12999999999999998,0.5500000000000003,32379992695.36284
1444,0.13999999999999999,0.5500000000000003,31702156736.20134
1445,0.15,0.5500000000000003,31010195304.579697
1446,0.16,0.5500000000000003,30304007553.771614
1447,0.17,0.5500000000000003,29583518814.29145
1448,0.18000000000000002,0.5500000000000003,28848684212.757034
1449,0.19000000000000003,0.5500000000000003,28099492667.56908
1450,0.20000000000000004,0.5500000000000003,27335971297.9572
1451,0.21000000000000005,0.5500000000000003,26558190286.411392
1452,0.22000000000000006,0.5500000000000003,25766268238.314125
1453,0.23000000000000007,0.5500000000000003,24960378086.742004
1454,0.24000000000000007,0.5500000000000003,24140753594.95087
1455,0.25000000000000006,0.5500000000000003,23307696514.031242
1456,0.26000000000000006,0.5500000000000003,22461584458.66146
1457,0.2700000000000001,0.5500000000000003,21602879569.83856
1458,0.2800000000000001,0.5500000000000003,20732138039.977856
1459,0.2900000000000001,0.5500000000000003,19850020582.895996
1460,0.3000000000000001,0.5500000000000003,18957303938.9832
1461,0.3100000000000001,0.5500000000000003,18054893514.392586
1462,0.3200000000000001,0.5500000000000003,17143837262.394806
1463,0.3300000000000001,0.5500000000000003,16225340925.239067
1464,0.34000000000000014,0.5500000000000003,15300784766.007229
1465,0.35000000000000014,0.5500000000000003,14371741932.134583
1466,0.36000000000000015,0.5500000000000003,13439998605.594965
1467,0.37000000000000016,0.5500000000000003,12507576109.31308
1468,0.38000000000000017,0.5500000000000003,11576755155.288044
1469,0.3900000000000002,0.5500000000000003,10650102437.31269
1470,0.4000000000000002,0.5500000000000003,9730499790.18821
1471,0.4100000000000002,0.5500000000000003,8821176158.11042
1472,0.4200000000000002,0.5500000000000003,7925742637.602337
1473,0.4300000000000002,0.5500000000000003,7048230885.160961
1474,0.4400000000000002,0.5500000000000003,6193135206.864058
1475,0.45000000000000023,0.5500000000000003,5365458676.74975
1476,0.46000000000000024,0.5500000000000003,4570763663.061186
1477,0.47000000000000025,0.5500000000000003,3815227176.6816406
1478,0.48000000000000026,0.5500000000000003,3105701494.5350103
1479,0.49000000000000027,0.5500000000000003,2449780552.675783
1480,0.5000000000000002,0.5500000000000003,1855872649.550083
1481,0.5100000000000002,0.5500000000000003,1333280049.8071237
1482,0.5200000000000002,0.5500000000000003,892286133.4388173
1483,0.5300000000000002,0.5500000000000003,544250794.3132406
1484,0.5400000000000003,0.5500000000000003,301714856.765099
1485,0.01,0.5600000000000003,39998037459.10376
1486,0.02,0.5600000000000003,39487890743.95739
1487,0.03,0.5600000000000003,38966183797.85435
1488,0.04,0.5600000000000003,38432683232.090454
1489,0.05,0.5600000000000003,37887157169.94783
1490,0.060000000000000005,0.5600000000000003,37329376158.909996
1491,0.07,0.5600000000000003,36759114193.16961
1492,0.08,0.5600000000000003,36176149857.56989
1493,0.09,0.5600000000000003,35580267605.19026
1494,0.09999999999999999,0.5600000000000003,34971259181.956985
1495,0.10999999999999999,0.5600000000000003,34348925212.940926
1496,0.11999999999999998,0.5600000000000003,33713076966.406948
1497,0.12999999999999998,0.5600000000000003,33063538313.214104
1498,0.13999999999999999,0.5600000000000003,32400147900.845905
1499,0.15,0.5600000000000003,31722761563.188637
1500,0.16,0.5600000000000003,31031254989.187614
1501,0.17,0.5600000000000003,30325526675.71409
1502,0.18000000000000002,0.5600000000000003,29605501192.385155
1503,0.19000000000000003,0.5600000000000003,28871132788.717003
1504,0.20000000000000004,0.5600000000000003,28122409376.877777
1505,0.21000000000000005,0.5600000000000003,27359356926.46546
1506,0.22000000000000006,0.5600000000000003,26582044311.19171
1507,0.23000000000000007,0.5600000000000003,25790588651.13523
1508,0.24000000000000007,0.5600000000000003,24985161198.365673
1509,0.25000000000000006,0.5600000000000003,24165993818.267357
1510,0.26000000000000006,0.5600000000000003,23333386123.845013
1511,0.2700000000000001,0.5600000000000003,22487713325.713875
1512,0.2800000000000001,0.5600000000000003,21629434866.40471
1513,0.2900000000000001,0.5600000000000003,20759103914.10016
1514,0.3000000000000001,0.5600000000000003,19877377798.013077
1515,0.3100000000000001,0.5600000000000003,18985029475.377174
1516,0.3200000000000001,0.5600000000000003,18082960128.506912
1517,0.3300000000000001,0.5600000000000003,17172212999.665268
1518,0.34000000000000014,0.5600000000000003,16253988581.62723
1519,0.35000000000000014,0.5600000000000003,15329661292.925194
1520,0.36000000000000015,0.5600000000000003,14400797778.896091
1521,0.37000000000000016,0.5600000000000003,13469176992.91571
1522,0.38000000000000017,0.5600000000000003,12536812226.705872
1523,0.3900000000000002,0.5600000000000003,11605975274.449425
1524,0.4000000000000002,0.5600000000000003,10679222932.768702
1525,0.4100000000000002,0.5600000000000003,9759426057.549957
1526,0.4200000000000002,0.5600000000000003,8849801419.274984
1527,0.4300000000000002,0.5600000000000003,7953946621.1110325
1528,0.4400000000000002,0.5600000000000003,7075878368.682802
1529,0.45000000000000023,0.5600000000000003,6220074407.395033
1530,0.46000000000000024,0.5600000000000003,5391519472.592922
1531,0.47000000000000025,0.5600000000000003,4595755629.962818
1532,0.48000000000000026,0.5600000000000003,3838937418.626771
1533,0.49000000000000027,0.5600000000000003,3127892247.63165
1534,0.5000000000000002,0.5600000000000003,2470186538.258651
1535,0.5100000000000002,0.5600000000000003,1874198150.0872269
1536,0.5200000000000002,0.5600000000000003,1349195678.3692112
1537,0.5300000000000002,0.5600000000000003,905425264.3600905
1538,0.5400000000000003,0.5600000000000003,554205619.20239
1539,0.5500000000000003,0.5600000000000003,308032026.17486274
1540,0.01,0.5700000000000003,40511465562.40178
1541,0.02,0.5700000000000003,40012991083.10859
1542,0.03,0.5700000000000003,39503198391.95245
1543,0.04,0.5700000000000003,38981853445.40102
1544,0.05,0.5700000000000003,38448722879.35632
1545,0.060000000000000005,0.5700000000000003,37903574818.38961
1546,0.07,0.5700000000000003,37346179784.79397
1547,0.08,0.5700000000000003,36776311717.58723
1548,0.09,0.5700000000000003,36193749112.57098
1549,0.09999999999999999,0.5700000000000003,35598276295.617615
1550,0.10999999999999999,0.5700000000000003,34989684842.52363
1551,0.11999999999999998,0.5700000000000003,34367775160.04417
1552,0.12999999999999998,0.5700000000000003,33732358244.12182
1553,0.13999999999999999,0.5700000000000003,33083257632.85173
1554,0.15,0.5700000000000003,32420311573.399292
1555,0.16,0.5700000000000003,31743375423.919365
1556,0.17,0.5700000000000003,31052324313.53038
1557,0.18000000000000002,0.5700000000000003,30347056085.591805
1558,0.19000000000000003,0.5700000000000003,29627494551.934635
1559,0.20000000000000004,0.5700000000000003,28893593088.32248
1560,0.21000000000000005,0.5700000000000003,28145338604.29699
1561,0.22000000000000006,0.5700000000000003,27382755923.707962
1562,0.23000000000000007,0.5700000000000003,26605912615.67196
1563,0.24000000000000007,0.5700000000000003,25814924319.470848
1564,0.25000000000000006,0.5700000000000003,25009960611.02437
1565,0.26000000000000006,0.5700000000000003,24191251463.080585
1566,0.2700000000000001,0.5700000000000003,23359094356.202904
1567,0.2800000000000001,0.5700000000000003,22513862103.030422
1568,0.2900000000000001,0.5700000000000003,21656011454.19347
1569,0.3000000000000001,0.5700000000000003,20786092560.72612
1570,0.3100000000000001,0.5700000000000003,19904759374.88273
1571,0.3200000000000001,0.5700000000000003,19012781078.99363
1572,0.3300000000000001,0.5700000000000003,18111054640.446415
1573,0.34000000000000014,0.5700000000000003,17200618600.12207
1574,0.35000000000000014,0.5700000000000003,16282668211.721281
1575,0.36000000000000015,0.5700000000000003,15358572060.466808
1576,0.37000000000000016,0.5700000000000003,14429890301.748749
1577,0.38000000000000017,0.5700000000000003,13498394673.486328
1578,0.3900000000000002,0.5700000000000003,12566090450.415588
1579,0.4000000000000002,0.5700000000000003,11635240524.289436
1580,0.4100000000000002,0.5700000000000003,10708391811.217804
1581,0.4200000000000002,0.5700000000000003,9788404206.214144
1582,0.4300000000000002,0.5700000000000003,8878482325.595703
1583,0.4400000000000002,0.5700000000000003,7982210300.36586
1584,0.45000000000000023,0.5700000000000003,7103589908.260149
1585,0.46000000000000024,0.5700000000000003,6247082358.948141
1586,0.47000000000000025,0.5700000000000003,5417654076.154739
1587,0.48000000000000026,0.5700000000000003,4620826852.415632
1588,0.49000000000000027,0.5700000000000003,3862732787.0504966
1589,0.5000000000000002,0.5700000000000003,3150174455.983265
1590,0.5100000000000002,0.5700000000000003,2490690803.539386
1591,0.5200000000000002,0.5700000000000003,1892629291.6102448
1592,0.5300000000000002,0.5700000000000003,1365224890.9198008
1593,0.5400000000000003,0.5700000000000003,918686552.9146504
1594,0.5500000000000003,0.5700000000000003,564291859.4055552
1595,0.5600000000000003,0.5700000000000003,314490610.9305954
1596,0.01,0.5800000000000003,41013128340.5684
1597,0.02,0.5800000000000003,40526076507.779175
1598,0.03,0.5800000000000003,40027948348.719955
1599,0.04,0.5800000000000003,39518509923.03092
1600,0.05,0.5800000000000003,38997527233.30353
1601,0.060000000000000005,0.5800000000000003,38464766941.175705
1602,0.07,0.5800000000000003,37919997173.720665
1603,0.08,0.5800000000000003,37362988429.34359
1604,0.09,0.5800000000000003,36793514593.28645
1605,0.09999999999999999,0.5800000000000003,36211354073.8122
1606,0.10999999999999999,0.5800000000000003,35616291071.201195
1607,0.11999999999999998,0.5800000000000003,35008116992.855804
1608,0.12999999999999998,0.5800000000000003,34386632029.081245
1609,0.13999999999999999,0.5800000000000003,33751646905.50392
1610,0.15,0.5800000000000003,33102984829.61226
1611,0.16,0.5800000000000003,32440483650.57394
1612,0.17,0.5800000000000003,31763998253.308662
1613,0.18000000000000002,0.5800000000000003,31073403209.7941
1614,0.19000000000000003,0.5800000000000003,30368595712.76896
1615,0.20000000000000004,0.5800000000000003,29649498819.390198
1616,0.21000000000000005,0.5800000000000003,28916065035.019775
1617,0.22000000000000006,0.5800000000000003,28168280270.181564
1618,0.23000000000000007,0.5800000000000003,27406168206.864517
1619,0.24000000000000007,0.5800000000000003,26629795113.77826
1620,0.25000000000000006,0.5800000000000003,25839275153.921474
1621,0.26000000000000006,0.5800000000000003,25034776231.929153
1622,0.2700000000000001,0.5800000000000003,24216526433.15866
1623,0.2800000000000001,0.5800000000000003,23384821111.389008
1624,0.2900000000000001,0.5800000000000003,22540030687.38521
1625,0.3000000000000001,0.5800000000000003,21682609226.461075
1626,0.3100000000000001,0.5800000000000003,20813103869.607723
1627,0.3200000000000001,0.5800000000000003,19932165199.791794
1628,0.3300000000000001,0.5800000000000003,19040558632.723297
1629,0.34000000000000014,0.5800000000000003,18139176929.80984
1630,0.35000000000000014,0.5800000000000003,17229053940.21704
1631,0.36000000000000015,0.5800000000000003,16311379689.018826
1632,0.37000000000000016,0.5800000000000003,15387516939.423403
1633,0.38000000000000017,0.5800000000000003,14459019369.089424
1634,0.3900000000000002,0.5800000000000003,13527651513.694826
1635,0.4000000000000002,0.5800000000000003,12595410645.291946
1636,0.4100000000000002,0.5800000000000003,11664550768.68779
1637,0.4200000000000002,0.5800000000000003,10737608936.250122
1638,0.4300000000000002,0.5800000000000003,9817434100.290356
1639,0.4400000000000002,0.5800000000000003,8907218742.657791
1640,0.45000000000000023,0.5800000000000003,8010533543.552282
1641,0.46000000000000024,0.5800000000000003,7131365375.995592
1642,0.47000000000000025,0.5800000000000003,6274158939.079342
1643,0.48000000000000026,0.5800000000000003,5443862372.230999
1644,0.49000000000000027,0.5800000000000003,4645977224.526671
1645,0.5000000000000002,0.5800000000000003,3886613187.767015
1646,0.5100000000000002,0.5800000000000003,3172548039.876112
1647,0.5200000000000002,0.5800000000000003,2511293286.460965
1648,0.5300000000000002,0.5800000000000003,1911166033.380112
1649,0.5400000000000003,0.5800000000000003,1381367672.2407274
1650,0.5500000000000003,0.5800000000000003,932070014.2226566
1651,0.5600000000000003,0.5800000000000003,574509565.8960829
1652,0.5700000000000003,0.5800000000000003,321090704.16462106
1653,0.01,0.5900000000000003,41503281935.52408
1654,0.02,0.5900000000000003,41027404015.777824
1655,0.03,0.5900000000000003,40540690833.479904
1656,0.04,0.5900000000000003,40042909219.896576
1657,0.05,0.5900000000000003,39533825299.59306
1658,0.060000000000000005,0.5900000000000003,39013205122.3345
1659,0.07,0.5900000000000003,38480815376.621765
1660,0.08,0.5900000000000003,37936424193.24048
1661,0.09,0.5900000000000003,37379802048.00786
1662,0.09999999999999999,0.5900000000000003,36810722773.7866
1663,0.10999999999999999,0.5900000000000003,36228964692.801605
1664,0.11999999999999998,0.5900000000000003,35634311881.353874
1665,0.12999999999999998,0.5900000000000003,35026555580.185196
1666,0.13999999999999999,0.5900000000000003,34405495765.01467
1667,0.15,0.5900000000000003,33770942893.156746
1668,0.16,0.5900000000000003,33122719843.648914
1669,0.17,0.5900000000000003,32460664069.980286
1670,0.18000000000000002,0.5900000000000003,31784629986.330925
1671,0.19000000000000003,0.5900000000000003,31094491610.223534
1672,0.20000000000000004,0.5900000000000003,30390145486.667294
1673,0.21000000000000005,0.5900000000000003,29671513921.258163
1674,0.22000000000000006,0.5900000000000003,28938548552.30905
1675,0.23000000000000007,0.5900000000000003,28191234294.9374
1676,0.24000000000000007,0.5900000000000003,27429593693.162262
1677,0.25000000000000006,0.5900000000000003,26653691719.479652
1678,0.26000000000000006,0.5900000000000003,25863641065.12493
1679,0.2700000000000001,0.5900000000000003,25059607968.32173
1680,0.2800000000000001,0.5900000000000003,24241818632.292282
1681,0.2900000000000001,0.5900000000000003,23410566289.700413
1682,0.3000000000000001,0.5900000000000003,22566218975.553993
1683,0.3100000000000001,0.5900000000000003,21709228076.45205
1684,0.3200000000000001,0.5900000000000003,20840137730.469685
1685,0.3300000000000001,0.5900000000000003,19959595158.981667
1686,0.34000000000000014,0.5900000000000003,19068362019.3904
1687,0.35000000000000014,0.5900000000000003,18167326876.105003
1688,0.36000000000000015,0.5900000000000003,17257518896.282906
1689,0.37000000000000016,0.5900000000000003,16340122886.86591
1690,0.38000000000000017,0.5900000000000003,15416495800.397408
1691,0.3900000000000002,0.5900000000000003,14488184849.08329
1692,0.4000000000000002,0.5900000000000003,13556947379.648497
1693,0.4100000000000002,0.5900000000000003,12624772675.84787
1694,0.4200000000000002,0.5900000000000003,11693905871.123322
1695,0.4300000000000002,0.5900000000000003,10766874170.981823
1696,0.4400000000000002,0.5900000000000003,9846515603.330906
1697,0.45000000000000023,0.5900000000000003,8936010535.394415
1698,0.46000000000000024,0.5900000000000003,8038916218.09577
1699,0.47000000000000025,0.5900000000000003,7159204643.108904
1700,0.48000000000000026,0.5900000000000003,6301304024.322256
1701,0.49000000000000027,0.5900000000000003,5470144244.436617
1702,0.5000000000000002,0.5900000000000003,4671206639.042202
1703,0.5100000000000002,0.5900000000000003,3910578525.0254936
1704,0.5200000000000002,0.5900000000000003,3195012917.799865
1705,0.5300000000000002,0.5900000000000003,2531993922.9069567
1706,0.5400000000000003,0.5900000000000003,1929808332.3005295
1707,0.5500000000000003,0.5900000000000003,1397624004.4188495
1708,0.5600000000000003,0.5900000000000003,945575660.3265251
1709,0.5700000000000003,0.5900000000000003,584858786.1357675
1710,0.5800000000000003,0.5900000000000003,327832395.0061538
1711,0.01,0.6000000000000003,41982180973.96062
1712,0.02,0.6000000000000003,41517229713.16413
1713,0.03,0.6000000000000003,41041682826.6886
1714,0.04,0.6000000000000003,40555308504.99951
1715,0.05,0.6000000000000003,40057873660.64381
1716,0.060000000000000005,0.6000000000000003,39549144484.0873
1717,0.07,0.6000000000000003,39028887073.316086
1718,0.08,0.6000000000000003,38496868144.81868
1719,0.09,0.6000000000000003,37952855834.30086
1720,0.09999999999999999,0.6000000000000003,37396620596.28941
1721,0.10999999999999999,0.6000000000000003,36827936212.66191
1722,0.11999999999999998,0.6000000000000003,36246580921.1033
1723,0.12999999999999998,0.6000000000000003,35652338675.5457
1724,0.13999999999999999,0.6000000000000003,35045000551.80162
1725,0.15,0.6000000000000003,34424366312.86586
1726,0.16,0.6000000000000003,33790246149.743317
1727,0.17,0.6000000000000003,33142462615.174793
1728,0.18000000000000002,0.6000000000000003,32480852769.288742
1729,0.19000000000000003,0.6000000000000003,31805270558.020287
1730,0.20000000000000004,0.6000000000000003,31115589447.122597
1731,0.21000000000000005,0.6000000000000003,30411705336.766693
1732,0.22000000000000006,0.6000000000000003,29693539784.10147
1733,0.23000000000000007,0.6000000000000003,28961043563.744934
1734,0.24000000000000007,0.6000000000000003,28214200599.022053
1735,0.25000000000000006,0.6000000000000003,27453032299.87655
1736,0.26000000000000006,0.6000000000000003,26677602346.78885
1737,0.2700000000000001,0.6000000000000003,25888021963.757298
1738,0.2800000000000001,0.6000000000000003,25084455727.47541
1739,0.2900000000000001,0.6000000000000003,24267127964.295753
1740,0.3000000000000001,0.6000000000000003,23436329791.448288
1741,0.3100000000000001,0.6000000000000003,22592426864.31536
1742,0.3200000000000001,0.6000000000000003,21735867897.400597
1743,0.3300000000000001,0.6000000000000003,20867194033.010887
1744,0.34000000000000014,0.6000000000000003,19987049138.64988
1745,0.35000000000000014,0.6000000000000003,19096191121.75431
1746,0.36000000000000015,0.6000000000000003,18195504358.750607
1747,0.37000000000000016,0.6000000000000003,17286013344.535217
1748,0.38000000000000017,0.6000000000000003,16368897678.459064
1749,0.3900000000000002,0.6000000000000003,15445508513.804619
1750,0.4000000000000002,0.6000000000000003,14517386609.666258
1751,0.4100000000000002,0.6000000000000003,13586282137.176525
1752,0.4200000000000002,0.6000000000000003,12654176406.262302
1753,0.4300000000000002,0.6000000000000003,11723305694.67709
1754,0.4400000000000002,0.6000000000000003,10796187378.058474
1755,0.45000000000000023,0.6000000000000003,9875648578.334435
1756,0.46000000000000024,0.6000000000000003,8964857568.090422
1757,0.47000000000000025,0.6000000000000003,8067358190.665768
1758,0.48000000000000026,0.6000000000000003,7187107579.941427
1759,0.49000000000000027,0.6000000000000003,6328517490.192874
1760,0.5000000000000002,0.6000000000000003,5496499575.2108345
1761,0.5100000000000002,0.6000000000000003,4696514987.353199
1762,0.5200000000000002,0.6000000000000003,3934628701.516118
1763,0.5300000000000002,0.6000000000000003,3217569006.4538836
1764,0.5400000000000003,0.6000000000000003,2552792646.708413
1765,0.5500000000000003,0.6000000000000003,1948556142.9252841
1766,0.5600000000000003,0.6000000000000003,1413993866.8539274
1767,0.5700000000000003,0.6000000000000003,959203500.1993686
1768,0.5800000000000003,0.6000000000000003,595339564.0839195
1769,0.5900000000000003,0.6000000000000003,334715768.5909605
1770,0.01,0.6100000000000003,42450078004.21886
1771,0.02,0.6100000000000003,41995808173.50299
1772,0.03,0.6100000000000003,41531180397.441345
1773,0.04,0.6100000000000003,41055964740.26611
1774,0.05,0.6100000000000003,40569929487.87892
1775,0.060000000000000005,0.6100000000000003,40072841635.013824
1776,0.07,0.6100000000000003,39564467439.0103
1777,0.08,0.6100000000000003,39044573047.12019
1778,0.09,0.6100000000000003,38512925204.94171
1779,0.09999999999999999,0.6100000000000003,37969292054.30615
1780,0.10999999999999999,0.6100000000000003,37413444029.74485
1781,0.11999999999999998,0.6100000000000003,36845154863.54179
1782,0.12999999999999998,0.6100000000000003,36264202710.337845
1783,0.13999999999999999,0.6100000000000003,35670371403.304214
1784,0.15,0.6100000000000003,35063451855.053375
1785,0.16,0.6100000000000003,34443243617.71547
1786,0.17,0.6100000000000003,33809556617.986534
1787,0.18000000000000002,0.6100000000000003,33162213084.463257
1788,0.19000000000000003,0.6100000000000003,32501049686.23014
1789,0.20000000000000004,0.6100000000000003,31825919903.471123
1790,0.21000000000000005,0.6100000000000003,31136696652.854843
1791,0.22000000000000006,0.6100000000000003,30433275192.605724
1792,0.23000000000000007,0.6100000000000003,29715576334.54023
1793,0.24000000000000007,0.6100000000000003,28983549992.937214
1794,0.25000000000000006,0.6100000000000003,28237179102.94549
1795,0.26000000000000006,0.6100000000000003,27476483944.33159
1796,0.2700000000000001,0.6100000000000003,26701526909.763084
1797,0.2800000000000001,0.6100000000000003,25912417760.533726
1798,0.2900000000000001,0.6100000000000003,25109319416.696
1799,0.3000000000000001,0.6100000000000003,24292454333.007996
1800,0.3100000000000001,0.6100000000000003,23462111516.959038
1801,0.3200000000000001,0.6100000000000003,22618654250.451996
1802,0.3300000000000001,0.6100000000000003,21762528582.53183
1803,0.34000000000000014,0.6100000000000003,20894272666.905758
1804,0.35000000000000014,0.6100000000000003,20014527024.951557
1805,0.36000000000000015,0.6100000000000003,19124045822.511105
1806,0.37000000000000016,0.6100000000000003,18223709257.077923
1807,0.38000000000000017,0.6100000000000003,17314537161.074192
1808,0.3900000000000002,0.6100000000000003,16397703936.847397
1809,0.4000000000000002,0.6100000000000003,15474554949.876408
1810,0.4100000000000002,0.6100000000000003,14546624518.547365
1811,0.4200000000000002,0.6100000000000003,13615655651.832596
1812,0.4300000000000002,0.6100000000000003,12683621700.383055
1813,0.4400000000000002,0.6100000000000003,11752750102.035385
1814,0.45000000000000023,0.6100000000000003,10825548419.65824
1815,0.46000000000000024,0.6100000000000003,9904832887.749435
1816,0.47000000000000025,0.6100000000000003,8993759704.386177
1817,0.48000000000000026,0.6100000000000003,8095859327.1799
1818,0.49000000000000027,0.6100000000000003,7215074055.960527
1819,0.5000000000000002,0.6100000000000003,6355799211.194391
1820,0.5100000000000002,0.6100000000000003,5522928245.822279
1821,0.5200000000000002,0.6100000000000003,4721902159.500973
1822,0.5300000000000002,0.6100000000000003,3958763618.3759465
1823,0.5400000000000003,0.6100000000000003,3240216220.753707
1824,0.5500000000000003,0.6100000000000003,2573689389.65077
1825,0.5600000000000003,0.6100000000000003,1967409417.465656
1826,0.5700000000000003,0.6100000000000003,1430477236.2665944
1827,0.5800000000000003,0.6100000000000003,972953539.7535467
1828,0.5900000000000003,0.6100000000000003,605951940.2065216
1829,0.6000000000000003,0.6100000000000003,341740906.0712085
1830,0.01,0.6200000000000003,42907223005.360916
1831,0.02,0.6200000000000003,42463391876.92757
1832,0.03,0.6200000000000003,42009438065.14433
1833,0.04,0.6200000000000003,41545133956.72633
1834,0.05,0.6200000000000003,41070249723.51976
1835,0.060000000000000005,0.6200000000000003,40584553747.704544
1836,0.07,0.6200000000000003,40087813107.10578
1837,0.08,0.6200000000000003,39579794126.907166
1838,0.09,0.6200000000000003,39060263004.66861
1839,0.09999999999999999,0.6200000000000003,38528986516.217545
1840,0.10999999999999999,0.6200000000000003,37985732810.71352
1841,0.11999999999999998,0.6200000000000003,37430272303.98485
1842,0.12999999999999998,0.6200000000000003,36862378680.111115
1843,0.13999999999999999,0.6200000000000003,36281830012.1824
1844,0.15,0.6200000000000003,35688410014.21477
1845,0.16,0.6200000000000003,35081909437.34749
1846,0.17,0.6200000000000003,34462127624.70379
1847,0.18000000000000002,0.6200000000000003,33828874240.66954
1848,0.19000000000000003,0.6200000000000003,33181971191.84836
1849,0.20000000000000004,0.6200000000000003,32521254758.596138
1850,0.21000000000000005,0.6200000000000003,31846577957.838486
1851,0.22000000000000006,0.6200000000000003,31157813159.844017
1852,0.23000000000000007,0.6200000000000003,30454854983.78218
1853,0.24000000000000007,0.6200000000000003,29737623499.252327
1854,0.25000000000000006,0.6200000000000003,29006067763.551422
1855,0.26000000000000006,0.6200000000000003,28260169727.270782
1856,0.2700000000000001,0.6200000000000003,27499948543.901215
1857,0.2800000000000001,0.6200000000000003,26725465322.50489
1858,0.2900000000000001,0.6200000000000003,25936828366.20935
1859,0.3000000000000001,0.6200000000000003,25134198943.322807
1860,0.3100000000000001,0.6200000000000003,24317797642.29359
1861,0.3200000000000001,0.6200000000000003,23487911366.57537
1862,0.3300000000000001,0.6200000000000003,22644901030.75183
1863,0.34000000000000014,0.6200000000000003,21789210025.063072
1864,0.35000000000000014,0.6200000000000003,20921373521.80566
1865,0.36000000000000015,0.6200000000000003,20042028704.000935
1866,0.37000000000000016,0.6200000000000003,19151926004.295303
1867,0.38000000000000017,0.6200000000000003,18251941450.332596
1868,0.3900000000000002,0.6200000000000003,17343090221.886703
1869,0.4000000000000002,0.6200000000000003,16426541534.934612
1870,0.4100000000000002,0.6200000000000003,15503634978.661951
1871,0.4200000000000002,0.6200000000000003,14575898443.211197
1872,0.4300000000000002,0.6200000000000003,13645067788.897474
1873,0.4400000000000002,0.6200000000000003,12713108421.729544
1874,0.45000000000000023,0.6200000000000003,11782238955.49274
1875,0.46000000000000024,0.6200000000000003,10854957157.495213
1876,0.47000000000000025,0.6200000000000003,9934068393.477743
1877,0.48000000000000026,0.6200000000000003,9022716807.281391
1878,0.49000000000000027,0.6200000000000003,8124419492.808109
1879,0.5000000000000002,0.6200000000000003,7243103939.76406
1880,0.5100000000000002,0.6200000000000003,6383149060.821974
1881,0.5200000000000002,0.6200000000000003,5549430136.374207
1882,0.5300000000000002,0.6200000000000003,4747368044.182663
1883,0.5400000000000003,0.6200000000000003,3982983175.1950083
1884,0.5500000000000003,0.6200000000000003,3262954473.8375177
1885,0.5600000000000003,0.6200000000000003,2594684081.4808397
1886,0.5700000000000003,0.6200000000000003,1986368105.7979517
1887,0.5800000000000003,0.6200000000000003,1447074086.7064493
1888,0.5900000000000003,0.6200000000000003,986825781.8493729
1889,0.6000000000000003,0.6200000000000003,616695951.4855508
1890,0.6100000000000003,0.6200000000000003,348907884.62544525
1891,0.01,0.6300000000000003,43353862961.30636
1892,0.02,0.6300000000000003,42920230721.18153
1893,0.03,0.6300000000000003,42476708240.75837
1894,0.04,0.6300000000000003,42023070618.5983
1895,0.05,0.6300000000000003,41559090359.43237
1896,0.060000000000000005,0.6300000000000003,41084537743.503105
1897,0.07,0.6300000000000003,40599181250.10841
1898,0.08,0.6300000000000003,40102788041.06594
1899,0.09,0.6300000000000003,39595124510.37165
1900,0.09999999999999999,0.6300000000000003,39075956906.93327
1901,0.10999999999999999,0.6300000000000003,38545052037.92441
1902,0.11999999999999998,0.6300000000000003,38002178061.03308
1903,0.12999999999999998,0.6300000000000003,37447105374.674515
1904,0.13999999999999999,0.6300000000000003,36879607616.11046
1905,0.15,0.6300000000000003,36299462778.371124
1906,0.16,0.6300000000000003,35706454457.92073
1907,0.17,0.6300000000000003,35100373246.1501
1908,0.18000000000000002,0.6300000000000003,34481018279.03105
1909,0.19000000000000003,0.6300000000000003,33848198960.636135
1910,0.20000000000000004,0.6300000000000003,33201736877.725235
1911,0.21000000000000005,0.6300000000000003,32541467924.23967
1912,0.22000000000000006,0.6300000000000003,31867244656.338585
1913,0.23000000000000007,0.6300000000000003,31178938900.574554
1914,0.24000000000000007,0.6300000000000003,30476444639.95362
1915,0.25000000000000006,0.6300000000000003,29759681204.974068
1916,0.26000000000000006,0.6300000000000003,29028596799.3095
1917,0.2700000000000001,0.6300000000000003,28283172392.614765
1918,0.2800000000000001,0.6300000000000003,27523426016.009693
1919,0.2900000000000001,0.6300000000000003,26749417499.162933
1920,0.3000000000000001,0.6300000000000003,25961253691.580162
1921,0.3100000000000001,0.6300000000000003,25159094214.72956
1922,0.3200000000000001,0.6300000000000003,24343157796.043823
1923,0.3300000000000001,0.6300000000000003,23513729240.65741
1924,0.34000000000000014,0.6300000000000003,22671167102.009212
1925,0.35000000000000014,0.6300000000000003,21815912118.20517
1926,0.36000000000000015,0.6300000000000003,20948496487.340294
1927,0.37000000000000016,0.6300000000000003,20069554061.87288
1928,0.38000000000000017,0.6300000000000003,19179831549.68145
1929,0.3900000000000002,0.6300000000000003,18280200817.676422
1930,0.4000000000000002,0.6300000000000003,17371672402.848114
1931,0.4100000000000002,0.6300000000000003,16455410345.481096
1932,0.4200000000000002,0.6300000000000003,15532748470.03046
1933,0.4300000000000002,0.6300000000000003,14605208250.920296
1934,0.4400000000000002,0.6300000000000003,13674518413.381653
1935,0.45000000000000023,0.6300000000000003,12742636433.495678
1936,0.46000000000000024,0.6300000000000003,11811772116.955042
1937,0.47000000000000025,0.6300000000000003,10884413452.822662
1938,0.48000000000000026,0.6300000000000003,9963354956.87819
1939,0.49000000000000027,0.6300000000000003,9051728739.138985
1940,0.5000000000000002,0.6300000000000003,8153038551.976728
1941,0.5100000000000002,0.6300000000000003,7271197099.084827
1942,0.5200000000000002,0.6300000000000003,6410566911.56764
1943,0.5300000000000002,0.6300000000000003,5576005125.809753
1944,0.5400000000000003,0.6300000000000003,4772912528.756955
1945,0.5500000000000003,0.6300000000000003,4007287270.0223637
1946,0.5600000000000003,0.6300000000000003,3285783677.0727205
1947,0.5700000000000003,0.6300000000000003,2615776649.9138627
1948,0.5800000000000003,0.6300000000000003,2005432155.4711003
1949,0.5900000000000003,0.6300000000000003,1463784389.5602412
1950,0.6000000000000003,0.6300000000000003,1000820226.303906
1951,0.6100000000000003,0.6300000000000003,627571631.4284755
1952,0.6200000000000003,0.6300000000000003,356216777.46879363
1953,0.01,0.6400000000000003,43790241493.55663
1954,0.02,0.6400000000000003,43366571597.52976
1955,0.03,0.6400000000000003,42933240739.80682
1956,0.04,0.6400000000000003,42490027066.70816
1957,0.05,0.6400000000000003,42036705803.61988
1958,0.060000000000000005,0.6400000000000003,41573049574.01557
1959,0.07,0.6400000000000003,41098828767.314026
1960,0.08,0.6400000000000003,40613811960.76837
1961,0.09,0.6400000000000003,40117766401.08789
1962,0.09999999999999999,0.6400000000000003,39610458552.04634
1963,0.10999999999999999,0.6400000000000003,39091654714.93639
1964,0.11999999999999998,0.6400000000000003,38561121729.39233
1965,0.12999999999999998,0.6400000000000003,38018627762.82822
1966,0.13999999999999999,0.6400000000000003,37463943197.533554
1967,0.15,0.6400000000000003,36896841625.33634
1968,0.16,0.6400000000000003,36317100960.69534
1969,0.17,0.6400000000000003,35724504684.12393
1970,0.18000000000000002,0.6400000000000003,35118843228.986786
1971,0.19000000000000003,0.6400000000000003,34499915525.95778
1972,0.20000000000000004,0.6400000000000003,33867530720.791096
1973,0.21000000000000005,0.6400000000000003,33221510082.550514
1974,0.22000000000000006,0.6400000000000003,32561689121.07541
1975,0.23000000000000007,0.6400000000000003,31887919934.24925
1976,0.24000000000000007,0.6400000000000003,31200073807.59205
1977,0.25000000000000006,0.6400000000000003,30498044090.837944
1978,0.26000000000000006,0.6400000000000003,29781749378.50067
1979,0.2700000000000001,0.6400000000000003,29051137023.99046
1980,0.2800000000000001,0.6400000000000003,28306187019.648743
1981,0.2900000000000001,0.6400000000000003,27546916278.1324
1982,0.3000000000000001,0.6400000000000003,26773383353.9328
1983,0.3100000000000001,0.6400000000000003,25985693647.48386
1984,0.3200000000000001,0.6400000000000003,25184005138.32534
1985,0.3300000000000001,0.6400000000000003,24368534698.177597
1986,0.34000000000000014,0.6400000000000003,23539565039.58382
1987,0.35000000000000014,0.6400000000000003,22697452361.026154
1988,0.36000000000000015,0.6400000000000003,21842634755.163742
1989,0.37000000000000016,0.6400000000000003,20975641453.11908
1990,0.38000000000000017,0.6400000000000003,20097102984.60439
1991,0.3900000000000002,0.6400000000000003,19207762341.18568
1992,0.4000000000000002,0.6400000000000003,18308487238.18911
1993,0.4100000000000002,0.6400000000000003,17400283579.724243
1994,0.4200000000000002,0.6400000000000003,16484310241.105988
1995,0.4300000000000002,0.6400000000000003,15561895293.673418
1996,0.4400000000000002,0.6400000000000003,14634553808.717537
1997,0.45000000000000023,0.6400000000000003,13704007390.027912
1998,0.46000000000000024,0.6400000000000003,12772205598.552666
1999,0.47000000000000025,0.6400000000000003,11841349447.94251
2000,0.48000000000000026,0.6400000000000003,10913917166.436392
2001,0.49000000000000027,0.6400000000000003,9992692438.770054
2002,0.5000000000000002,0.6400000000000003,9080795361.688927
2003,0.5100000000000002,0.6400000000000003,8181716368.372694
2004,0.5200000000000002,0.6400000000000003,7299353400.795134
2005,0.5300000000000002,0.6400000000000003,6438052634.925085
2006,0.5400000000000003,0.6400000000000003,5602653091.917114
2007,0.5500000000000003,0.6400000000000003,4798535499.249718
2008,0.5600000000000003,0.6400000000000003,4031675799.3722377
2009,0.5700000000000003,0.6400000000000003,3308703740.062557
2010,0.5800000000000003,0.6400000000000003,2636967020.6406736
2011,0.5900000000000003,0.6400000000000003,2024601511.7143772
2012,0.6000000000000003,0.6400000000000003,1480608113.560163
2013,0.6100000000000003,0.6400000000000003,1014936869.8998897
2014,0.6200000000000003,0.6400000000000003,638579010.0778419
2015,0.6300000000000003,0.6400000000000003,363667653.86327845
2016,0.01,0.6500000000000004,44216598546.62856
2017,0.02,0.6500000000000004,43802658025.079636
2018,0.03,0.6500000000000004,43379282360.05674
2019,0.04,0.6500000000000004,42946253033.45951
2020,0.05,0.6500000000000004,42503348325.8139
2021,0.060000000000000005,0.6500000000000004,42050343590.00552
2022,0.07,0.6500000000000004,41587011568.97496
2023,0.08,0.6500000000000004,41113122762.09479
2024,0.09,0.6500000000000004,40628445845.40823
2025,0.09999999999999999,0.6500000000000004,40132748151.41269
2026,0.10999999999999999,0.6500000000000004,39625796214.62274
2027,0.11999999999999998,0.6500000000000004,39107356389.7507
2028,0.12999999999999998,0.6500000000000004,38577195550.00327
2029,0.13999999999999999,0.6500000000000004,38035081873.715706
2030,0.15,0.6500000000000004,37480785728.336525
2031,0.16,0.6500000000000004,36914080661.64152
2032,0.17,0.6500000000000004,36334744511.00393
2033,0.18000000000000002,0.6500000000000004,35742560642.58479
2034,0.19000000000000003,0.6500000000000004,35137319333.442795
2035,0.20000000000000004,0.6500000000000004,34518819310.80515
2036,0.21000000000000005,0.6500000000000004,33886869464.100586
2037,0.22000000000000006,0.6500000000000004,33241290746.842697
2038,0.23000000000000007,0.6500000000000004,32581918287.080128
2039,0.24000000000000007,0.6500000000000004,31908603726.91043
2040,0.25000000000000006,0.6500000000000004,31221217813.503796
2041,0.26000000000000006,0.6500000000000004,30519653266.213898
2042,0.2700000000000001,0.6500000000000004,29803827946.686966
2043,0.2800000000000001,0.6500000000000004,29073688361.430977
2044,0.2900000000000001,0.6500000000000004,28329213529.099194
2045,0.3000000000000001,0.6500000000000004,27570419247.796574
2046,0.3100000000000001,0.6500000000000004,26797362801.057816
2047,0.3200000000000001,0.6500000000000004,26010148144.800728
2048,0.3300000000000001,0.6500000000000004,25208931621.555527
2049,0.34000000000000014,0.6500000000000004,24393928252.642612
2050,0.35000000000000014,0.6500000000000004,23565418663.75286
2051,0.36000000000000015,0.6500000000000004,22723756704.61346
2052,0.37000000000000016,0.6500000000000004,21869377829.140507
2053,0.38000000000000017,0.6500000000000004,21002808308.73259
2054,0.3900000000000002,0.6500000000000004,20124675358.19607
2055,0.4000000000000002,0.6500000000000004,19235718261.267487
2056,0.4100000000000002,0.6500000000000004,18336800590.869987
2057,0.4200000000000002,0.6500000000000004,17428923628.173233
2058,0.4300000000000002,0.6500000000000004,16513241094.289219
2059,0.4400000000000002,0.6500000000000004,15591075319.106808
2060,0.45000000000000023,0.6500000000000004,14663934983.428644
2061,0.46000000000000024,0.6500000000000004,13733534583.313988
2062,0.47000000000000025,0.6500000000000004,12801815779.451809
2063,0.48000000000000026,0.6500000000000004,11870970809.592838
2064,0.49000000000000027,0.6500000000000004,10943468158.678015
2065,0.5000000000000002,0.6500000000000004,10022080699.436798
2066,0.5100000000000002,0.6500000000000004,9109916536.032104
2067,0.5200000000000002,0.6500000000000004,8210452804.947827
2068,0.5300000000000002,0.6500000000000004,7327572710.911277
2069,0.5400000000000003,0.6500000000000004,6465606101.394653
2070,0.5500000000000003,0.6500000000000004,5629373911.334923
2071,0.5600000000000003,0.6500000000000004,4824236840.359745
2072,0.5700000000000003,0.6500000000000004,4056148658.230214
2073,0.5800000000000003,0.6500000000000004,3331714570.652736
2074,0.5900000000000003,0.6500000000000004,2658255117.334874
2075,0.6000000000000003,0.6500000000000004,2043876117.4451175
2076,0.6100000000000003,0.6500000000000004,1497545224.7922387
2077,0.6200000000000003,0.6500000000000004,1029175706.3947705
2078,0.6300000000000003,0.6500000000000004,649718114.0210154
2079,0.6400000000000003,0.6500000000000004,371260579.1283232
2080,0.01,0.6600000000000004,44633170120.86026
2081,0.02,0.6600000000000004,44228729837.650444
2082,0.03,0.6600000000000004,43815076517.433426
2083,0.04,0.6600000000000004,43391995222.28082
2084,0.05,0.6600000000000004,42959267574.401085
2085,0.060000000000000005,0.6600000000000004,42516671989.152626
2086,0.07,0.6600000000000004,42063983947.59331
2087,0.08,0.6600000000000004,41600976312.852684
2088,0.09,0.6600000000000004,41127419695.032295
2089,0.09999999999999999,0.6600000000000004,40643082869.79788
2090,0.10999999999999999,0.6600000000000004,40147733256.328995
2091,0.11999999999999998,0.6600000000000004,39641137460.84155
2092,0.12999999999999998,0.6600000000000004,39123061892.49957
2093,0.13999999999999999,0.6600000000000004,38593273459.19144
2094,0.15,0.6600000000000004,38051540351.36603
2095,0.16,0.6600000000000004,37497632922.91307
2096,0.17,0.6600000000000004,36931324678.93518
2097,0.18000000000000002,0.6600000000000004,36352393381.20346
2098,0.19000000000000003,0.6600000000000004,35760622283.12276
2099,0.20000000000000004,0.6600000000000004,35155801507.16349
2100,0.21000000000000005,0.6600000000000004,34537729578.95535
2101,0.22000000000000006,0.6600000000000004,33906215133.592518
2102,0.23000000000000007,0.6600000000000004,33261078811.182602
2103,0.24000000000000007,0.6600000000000004,32602155360.293194
2104,0.25000000000000006,0.6600000000000004,31929295969.72464
2105,0.26000000000000006,0.6600000000000004,31242370850.97929
2106,0.2700000000000001,0.6600000000000004,30541272095.92164
2107,0.2800000000000001,0.6600000000000004,29825916836.44792
2108,0.2900000000000001,0.6600000000000004,29096250735.52605
2109,0.3000000000000001,0.6600000000000004,28352251841.74842
2110,0.3100000000000001,0.6600000000000004,27593934842.582115
2111,0.3200000000000001,0.6600000000000004,26821355754.829834
2112,0.3300000000000001,0.6600000000000004,26034617094.45452
2113,0.34000000000000014,0.6600000000000004,25233873571.902744
2114,0.35000000000000014,0.6600000000000004,24419338363.41622
2115,0.36000000000000015,0.6600000000000004,23591290013.583534
2116,0.37000000000000016,0.6600000000000004,22750080029.591995
2117,0.38000000000000017,0.6600000000000004,21896141233.33455
2118,0.3900000000000002,0.6600000000000004,21029996943.753876
2119,0.4000000000000002,0.6600000000000004,20152271068.61374
2120,0.4100000000000002,0.6600000000000004,19263699192.331223
2121,0.4200000000000002,0.6600000000000004,18365140754.639854
2122,0.4300000000000002,0.6600000000000004,17457592423.7475
2123,0.4400000000000002,0.6600000000000004,16542202777.373604
2124,0.45000000000000023,0.6600000000000004,15620288415.673372
2125,0.46000000000000024,0.6600000000000004,14693351641.664486
2126,0.47000000000000025,0.6600000000000004,13763099857.455158
2127,0.48000000000000026,0.6600000000000004,12831466838.427395
2128,0.49000000000000027,0.6600000000000004,11900636062.664207
2129,0.5000000000000002,0.6600000000000004,10973066289.438309
2130,0.5100000000000002,0.6600000000000004,10051519598.6295
2131,0.5200000000000002,0.6600000000000004,9139092122.644253
2132,0.5300000000000002,0.6600000000000004,8239247723.922892
2133,0.5400000000000003,0.6600000000000004,7355854894.598139
2134,0.5500000000000003,0.6600000000000004,6493227180.488204
2135,0.5600000000000003,0.6600000000000004,5656167459.557528
2136,0.5700000000000003,0.6600000000000004,4850016435.464533
2137,0.5800000000000003,0.6600000000000004,4080705740.0594397
2138,0.5900000000000003,0.6600000000000004,3354816074.938246
2139,0.6000000000000003,0.6600000000000004,2679640861.6601305
2140,0.6100000000000003,0.6600000000000004,2063255913.276648
2141,0.6200000000000003,0.6600000000000004,1514595686.7047904
2142,0.6300000000000003,0.6600000000000004,1043536726.5298994
2143,0.6400000000000003,0.6600000000000004,660988966.4000916
2144,0.6500000000000004,0.6600000000000004,378995614.65141916
2145,0.01,0.6700000000000004,45040188047.74635
2146,0.02,0.6700000000000004,44645022917.868835
2147,0.03,0.6700000000000004,44240862934.32195
2148,0.04,0.6700000000000004,43827496945.12943
2149,0.05,0.6700000000000004,43404710157.63291
2150,0.060000000000000005,0.6700000000000004,42972284334.93181
2151,0.07,0.6700000000000004,42529998027.841644
2152,0.08,0.6700000000000004,42077626846.26297
2153,0.09,0.6700000000000004,41614943774.23404
2154,0.09999999999999999,0.6700000000000004,41141719533.35814
2155,0.10999999999999999,0.6700000000000004,40657722999.75344
2156,0.11999999999999998,0.6700000000000004,40162721680.17328
2157,0.12999999999999998,0.6700000000000004,39656482253.4928
2158,0.13999999999999999,0.6700000000000004,39138771184.357254
2159,0.15,0.6700000000000004,38609355416.44335
2160,0.16,0.6700000000000004,38068003153.50348
2161,0.17,0.6700000000000004,37514484737.14817
2162,0.18000000000000002,0.6700000000000004,36948573631.18324
2163,0.19000000000000003,0.6700000000000004,36370047523.25859
2164,0.20000000000000004,0.6700000000000004,35778689555.616516
2165,0.21000000000000005,0.6700000000000004,35174289697.85459
2166,0.22000000000000006,0.6700000000000004,34556646275.85185
2167,0.23000000000000007,0.6700000000000004,33925567672.356895
2168,0.24000000000000007,0.6700000000000004,33280874216.2137
2169,0.25000000000000006,0.6700000000000004,32622400278.817
2170,0.26000000000000006,0.6700000000000004,31949996598.15738
2171,0.2700000000000001,0.6700000000000004,31263532852.750717
2172,0.2800000000000001,0.6700000000000004,30562900509.863297
2173,0.2900000000000001,0.6700000000000004,29848015974.75918
2174,0.3000000000000001,0.6700000000000004,29118824070.229645
2175,0.3100000000000001,0.6700000000000004,28375301878.435272
2176,0.3200000000000001,0.6700000000000004,27617462980.122253
2177,0.3300000000000001,0.6700000000000004,26845362129.590027
2178,0.34000000000000014,0.6700000000000004,26059100407.413292
2179,0.35000000000000014,0.6700000000000004,25258830896.88781
2180,0.36000000000000015,0.6700000000000004,24444764934.50655
2181,0.37000000000000016,0.6700000000000004,23617178989.516632
2182,0.38000000000000017,0.6700000000000004,22776422232.793766
2183,0.3900000000000002,0.6700000000000004,21922924860.943604
2184,0.4000000000000002,0.6700000000000004,21057207247.739906
2185,0.4100000000000002,0.6700000000000004,20179890001.78978
2186,0.4200000000000002,0.6700000000000004,19291705016.727802
2187,0.4300000000000002,0.6700000000000004,18393507608.34269
2188,0.4400000000000002,0.6700000000000004,17486289841.89558
2189,0.45000000000000023,0.6700000000000004,16571195162.566917
2190,0.46000000000000024,0.6700000000000004,15649534452.5448
2191,0.47000000000000025,0.6700000000000004,14722803649.823616
2192,0.48000000000000026,0.6700000000000004,13792703076.40689
2193,0.49000000000000027,0.6700000000000004,12861158637.399536
2194,0.5000000000000002,0.6700000000000004,11930345067.53839
2195,0.5100000000000002,0.6700000000000004,11002711418.160503
2196,0.5200000000000002,0.6700000000000004,10081008995.57062
2197,0.5300000000000002,0.6700000000000004,9168321981.379854
2198,0.5400000000000003,0.6700000000000004,8268100986.791956
2199,0.5500000000000003,0.6700000000000004,7384199816.173752
2200,0.5600000000000003,0.6700000000000004,6520915740.734094
2201,0.5700000000000003,0.6700000000000004,5683033610.940426
2202,0.5800000000000003,0.6700000000000004,4875874166.626059
2203,0.5900000000000003,0.6700000000000004,4105346936.8069496
2204,0.6000000000000003,0.6700000000000004,3378008157.2700853
2205,0.6100000000000003,0.6700000000000004,2701124173.2775145
2206,0.6200000000000003,0.6700000000000004,2082740837.5261848
2207,0.6300000000000003,0.6700000000000004,1531759460.1170585
2208,0.6400000000000003,0.6700000000000004,1058019918.039777
2209,0.6500000000000004,0.6700000000000004,672391586.9218864
2210,0.6600000000000004,0.6700000000000004,386872817.89893806
2211,0.01,0.6800000000000004,45437879803.40883
2212,0.02,0.6800000000000004,45051768973.66089
2213,0.03,0.6800000000000004,44656877374.9489
2214,0.04,0.6800000000000004,44252997812.22175
2215,0.05,0.6800000000000004,43839919282.715164
2216,0.060000000000000005,0.6800000000000004,43417427139.58138
2217,0.07,0.6800000000000004,42985303287.39083
2218,0.08,0.6800000000000004,42543326413.03862
2219,0.09,0.6800000000000004,42091272255.93613
2220,0.09999999999999999,0.6800000000000004,41628913921.74767
2221,0.10999999999999999,0.6800000000000004,41156022244.34875
2222,0.11999999999999998,0.6800000000000004,40672366201.13745
2223,0.12999999999999998,0.6800000000000004,40177713387.329926
2224,0.13999999999999999,0.6800000000000004,39671830555.41598
2225,0.15,0.6800000000000004,39154484226.54901
2226,0.16,0.6800000000000004,38625441381.29815
2227,0.17,0.6800000000000004,38084470237.90646
2228,0.18000000000000002,0.6800000000000004,37531341126.98234
2229,0.19000000000000003,0.6800000000000004,36965827472.4086
2230,0.20000000000000004,0.6800000000000004,36387706889.19226
2231,0.21000000000000005,0.6800000000000004,35796762410.00429
2232,0.22000000000000006,0.6800000000000004,35192783853.282455
2233,0.23000000000000007,0.6800000000000004,34575569346.99981
2234,0.24000000000000007,0.6800000000000004,33944927023.54622
2235,0.25000000000000006,0.6800000000000004,33300676902.642544
2236,0.26000000000000006,0.6800000000000004,32642652980.81732
2237,0.2700000000000001,0.6800000000000004,31970705547.737656
2238,0.2800000000000001,0.6800000000000004,31284703751.613453
2239,0.2900000000000001,0.6800000000000004,30584538438.00348
2240,0.3000000000000001,0.6800000000000004,29870125288.657753
2241,0.3100000000000001,0.6800000000000004,29141408289.555275
2242,0.3200000000000001,0.6800000000000004,28398363560.055775
2243,0.3300000000000001,0.6800000000000004,27641003578.10431
2244,0.34000000000000014,0.6800000000000004,26869381839.72973
2245,0.35000000000000014,0.6800000000000004,26083597994.69029
2246,0.36000000000000015,0.6800000000000004,25283803504.070602
2247,0.37000000000000016,0.6800000000000004,24470207869.95347
2248,0.38000000000000017,0.6800000000000004,23643085492.015854
2249,0.3900000000000002,0.6800000000000004,22802783211.063187
2250,0.4000000000000002,0.6800000000000004,21949728605.16532
2251,0.4100000000000002,0.6800000000000004,21084439110.23294
2252,0.4200000000000002,0.6800000000000004,20207532043.62479
2253,0.4300000000000002,0.6800000000000004,19319735616.756298
2254,0.4400000000000002,0.6800000000000004,18421901030.747402
2255,0.45000000000000023,0.6800000000000004,17515015757.964096
2256,0.46000000000000024,0.6800000000000004,16600218121.943928
2257,0.47000000000000025,0.6800000000000004,15678813298.724045
2258,0.48000000000000026,0.6800000000000004,14752290874.094646
2259,0.49000000000000027,0.6800000000000004,13822344103.867481
2260,0.5000000000000002,0.6800000000000004,12890891037.976963
2261,0.5100000000000002,0.6800000000000004,11960097684.223839
2262,0.5200000000000002,0.6800000000000004,11032403403.843689
2263,0.5300000000000002,0.6800000000000004,10110548748.957518
2264,0.5400000000000003,0.6800000000000004,9197605971.476028
2265,0.5500000000000003,0.6800000000000004,8297012454.32657
2266,0.5600000000000003,0.6800000000000004,7412607339.1138935
2267,0.5700000000000003,0.6800000000000004,6548671649.682203
2268,0.5800000000000003,0.6800000000000004,5709972238.70557
2269,0.5900000000000003,0.6800000000000004,4901809914.596657
2270,0.6000000000000003,0.6800000000000004,4130072138.9099617
2271,0.6100000000000003,0.6800000000000004,3401290720.2621675
2272,0.6200000000000003,0.6800000000000004,2722704969.8529263
2273,0.6300000000000003,0.6800000000000004,2102330826.2228959
2274,0.6400000000000003,0.6800000000000004,1549036503.2278767
2275,0.6500000000000004,0.6800000000000004,1072625265.6614625
2276,0.6600000000000004,0.6800000000000004,683925991.8681217
2277,0.6700000000000004,0.6800000000000004,394892242.4271183
2278,0.01,0.6900000000000004,45826468356.21829
2279,0.02,0.6900000000000004,45449195352.7595
2280,0.03,0.6900000000000004,45063351423.02819
2281,0.04,0.6900000000000004,44668733468.697876
2282,0.05,0.6900000000000004,44265134446.96336
2283,0.060000000000000005,0.6900000000000004,43852343504.77434
2284,0.07,0.6900000000000004,43430146141.63221
2285,0.08,0.6900000000000004,42998324404.15631
2286,0.09,0.6900000000000004,42556657115.94163
2287,0.09999999999999999,0.6900000000000004,42104920146.57628
2288,0.10999999999999999,0.6900000000000004,41642886724.06572
2289,0.11999999999999998,0.6900000000000004,41170327795.32558
2290,0.12999999999999998,0.6900000000000004,40687012439.858986
2291,0.13999999999999999,0.6900000000000004,40192708342.231445
2292,0.15,0.6900000000000004,39687182329.5003
2293,0.16,0.6900000000000004,39170200980.35139
2294,0.17,0.6900000000000004,38641531313.34774
2295,0.18000000000000002,0.6900000000000004,38100941562.40773
2296,0.19000000000000003,0.6900000000000004,37548202048.411896
2297,0.20000000000000004,0.6900000000000004,36983086156.69134
2298,0.21000000000000005,0.6900000000000004,36405371431.08598
2299,0.22000000000000006,0.6900000000000004,35814840796.28415
2300,0.23000000000000007,0.6900000000000004,35211283921.274475
2301,0.24000000000000007,0.6900000000000004,34594498737.96639
2302,0.25000000000000006,0.6900000000000004,33964293130.375813
2303,0.26000000000000006,0.6900000000000004,33320486811.239174
2304,0.2700000000000001,0.6900000000000004,32662913404.523853
2305,0.2800000000000001,0.6900000000000004,31991422754.05843
2306,0.2900000000000001,0.6900000000000004,31305883480.42656
2307,0.3000000000000001,0.6900000000000004,30606185810.369804
2308,0.3100000000000001,0.6900000000000004,29892244705.242546
2309,0.3200000000000001,0.6900000000000004,29164003317.576702
2310,0.3300000000000001,0.6900000000000004,28421436807.563877
2311,0.34000000000000014,0.6900000000000004,27664556554.270447
2312,0.35000000000000014,0.6900000000000004,26893414799.691128
2313,0.36000000000000015,0.6900000000000004,26108109767.344803
2314,0.37000000000000016,0.6900000000000004,25308791301.0511
2315,0.38000000000000017,0.6900000000000004,24495667073.829575
2316,0.3900000000000002,0.6900000000000004,23669009421.568913
2317,0.4000000000000002,0.6900000000000004,22829162861.258247
2318,0.4100000000000002,0.6900000000000004,21976552359.198586
2319,0.4200000000000002,0.6900000000000004,21111692420.761913
2320,0.4300000000000002,0.6900000000000004,20235197079.98898
2321,0.4400000000000002,0.6900000000000004,19347790874.66559
2322,0.45000000000000023,0.6900000000000004,18450320900.549652
2323,0.46000000000000024,0.6900000000000004,17543770047.199677
2324,0.47000000000000025,0.6900000000000004,16629271527.448483
2325,0.48000000000000026,0.6900000000000004,15708124823.047499
2326,0.49000000000000027,0.6900000000000004,14781813180.458641
2327,0.5000000000000002,0.6900000000000004,13852022803.280636
2328,0.5100000000000002,0.6900000000000004,12920663901.459946
2329,0.5200000000000002,0.6900000000000004,11989893772.358788
2330,0.5300000000000002,0.6900000000000004,11062142105.046125
2331,0.5400000000000003,0.6900000000000004,10140138716.966137
2332,0.5500000000000003,0.6900000000000004,9226943951.55653
2333,0.5600000000000003,0.6900000000000004,8325981986.580112
2334,0.5700000000000003,0.6900000000000004,7441077326.056774
2335,0.5800000000000003,0.6900000000000004,6576494773.908861
2336,0.5900000000000003,0.6900000000000004,5736983214.946907
2337,0.6000000000000003,0.6900000000000004,4927823558.824892
2338,0.6100000000000003,0.6900000000000004,4154881235.302293
2339,0.6200000000000003,0.6900000000000004,3424663664.7981787
2340,0.6300000000000003,0.6900000000000004,2744383167.064581
2341,0.6400000000000003,0.6900000000000004,2122025813.1159642
2342,0.6500000000000004,0.6900000000000004,1566426771.624429
2343,0.6600000000000004,0.6900000000000004,1087352751.1440706
2344,0.6700000000000004,0.6900000000000004,695592194.10569
2345,0.6800000000000004,0.6900000000000004,403053937.8931991
2346,0.01,0.7000000000000004,46206172044.95238
2347,0.02,0.7000000000000004,45837524891.25306
2348,0.03,0.7000000000000004,45460512297.30206
2349,0.04,0.7000000000000004,45074935373.41804
2350,0.05,0.7000000000000004,44680591175.74681
2351,0.060000000000000005,0.7000000000000004,44277272814.19521
2352,0.07,0.7000000000000004,43864769585.926926
2353,0.08,0.7000000000000004,43442867137.32903
2354,0.09,0.7000000000000004,43011347657.64553
2355,0.09999999999999999,0.7000000000000004,42569990107.78938
2356,0.10999999999999999,0.7000000000000004,42118570488.18906
2357,0.11999999999999998,0.7000000000000004,41656862149.90386
2358,0.12999999999999998,0.7000000000000004,41184636153.6552
2359,0.13999999999999999,0.7000000000000004,40701661681.8738
2360,0.15,0.7000000000000004,40207706509.35861
2361,0.16,0.7000000000000004,39702537538.684746
2362,0.17,0.7000000000000004,39185921407.09233
2363,0.18000000000000002,0.7000000000000004,38657625172.237
2364,0.19000000000000003,0.7000000000000004,38117417084.894455
2365,0.20000000000000004,0.7000000000000004,37565067457.489136
2366,0.21000000000000005,0.7000000000000004,37000349638.16901
2367,0.22000000000000006,0.7000000000000004,36423041101.08012
2368,0.23000000000000007,0.7000000000000004,35832924664.5143
2369,0.24000000000000007,0.7000000000000004,35229789849.71931
2370,0.25000000000000006,0.7000000000000004,34613434394.38109
2371,0.26000000000000006,0.7000000000000004,33983665936.124237
2372,0.2700000000000001,0.7000000000000004,33340303882.837475
2373,0.2800000000000001,0.7000000000000004,32683181488.2305
2374,0.2900000000000001,0.7000000000000004,32012148152.777046
2375,0.3000000000000001,0.7000000000000004,31327071972.113285
2376,0.3100000000000001,0.7000000000000004,30627842557.05349
2377,0.3200000000000001,0.7000000000000004,29914374151.674892
2378,0.3300000000000001,0.7000000000000004,29186609078.428474
2379,0.34000000000000014,0.7000000000000004,28444521541.97208
2380,0.35000000000000014,0.7000000000000004,27688121826.41838
2381,0.36000000000000015,0.7000000000000004,26917460923.968224
2382,0.37000000000000016,0.7000000000000004,26132635636.48301
2383,0.38000000000000017,0.7000000000000004,25333794195.470184
2384,0.3900000000000002,0.7000000000000004,24521142450.241238
2385,0.4000000000000002,0.7000000000000004,23694950678.688583
2386,0.4100000000000002,0.7000000000000004,22855561080.25165
2387,0.4200000000000002,0.7000000000000004,22003396016.244743
2388,0.4300000000000002,0.7000000000000004,21138967068.84381
2389,0.4400000000000002,0.7000000000000004,20262884996.72372
2390,0.45000000000000023,0.7000000000000004,19375870672.65598
2391,0.46000000000000024,0.7000000000000004,18478767096.373573
2392,0.47000000000000025,0.7000000000000004,17572552584.7508
2393,0.48000000000000026,0.7000000000000004,16658355250.89559
2394,0.49000000000000027,0.7000000000000004,15737468894.18726
2395,0.5000000000000002,0.7000000000000004,14811370434.691647
2396,0.5100000000000002,0.7000000000000004,13881739037.838171
2397,0.5200000000000002,0.7000000000000004,12950477088.84312
2398,0.5300000000000002,0.7000000000000004,12019733191.21434
2399,0.5400000000000003,0.7000000000000004,11091927379.888641
2400,0.5500000000000003,0.7000000000000004,10169778757.254654
2401,0.5600000000000003,0.7000000000000004,9256335779.635672
2402,0.5700000000000003,0.7000000000000004,8355009442.891958
2403,0.5800000000000003,0.7000000000000004,7469609638.807587
2404,0.5900000000000003,0.7000000000000004,6604384979.021999
2405,0.6000000000000003,0.7000000000000004,5764066410.635788
2406,0.6100000000000003,0.7000000000000004,4953914977.461498
2407,0.6200000000000003,0.7000000000000004,4179774113.42073
2408,0.6300000000000003,0.7000000000000004,3448126890.038609
2409,0.6400000000000003,0.7000000000000004,2766158678.610566
2410,0.6500000000000004,0.7000000000000004,2141825729.682814
2411,0.6600000000000004,0.7000000000000004,1583930218.2911448
2412,0.6700000000000004,0.7000000000000004,1102202353.2583919
2413,0.6800000000000004,0.7000000000000004,707390203.0970976
2414,0.6900000000000004,0.7000000000000004,411357950.0667212
2415,0.01,0.7100000000000004,46577204484.216324
2416,0.02,0.7100000000000004,46216975792.57235
2417,0.03,0.7100000000000004,45848582701.01436
2418,0.04,0.7100000000000004,45471830615.5342
2419,0.05,0.7100000000000004,45086520802.43257
2420,0.060000000000000005,0.7100000000000004,44692450472.760376
2421,0.07,0.7100000000000004,44289412889.60071
2422,0.08,0.7100000000000004,43877197500.82926
2423,0.09,0.7100000000000004,43455590100.25323
2424,0.09999999999999999,0.7100000000000004,43024373020.31495
2425,0.10999999999999999,0.7100000000000004,42583325359.8612
2426,0.11999999999999998,0.7100000000000004,42132223250.822205
2427,0.12999999999999998,0.7100000000000004,41670840168.0215
2428,0.13999999999999999,0.7100000000000004,41198947286.74942
2429,0.15,0.7100000000000004,40716313893.1845
2430,0.16,0.7100000000000004,40222707853.24061
2431,0.17,0.7100000000000004,39717896145.95839
2432,0.18000000000000002,0.7100000000000004,39201645468.151344
2433,0.19000000000000003,0.7100000000000004,38673722917.66397
2434,0.20000000000000004,0.7100000000000004,38133896763.30861
2435,0.21000000000000005,0.7100000000000004,37581937310.32264
2436,0.22000000000000006,0.7100000000000004,37017617871.03688
2437,0.23000000000000007,0.7100000000000004,36440715851.3741
2438,0.24000000000000007,0.7100000000000004,35851013964.81337
2439,0.25000000000000006,0.7100000000000004,35248301586.56726
2440,0.26000000000000006,0.7100000000000004,34632376261.93608
2441,0.2700000000000001,0.7100000000000004,34003045384.13356
2442,0.2800000000000001,0.7100000000000004,33360128058.33561
2443,0.2900000000000001,0.7100000000000004,32703457170.295906
2444,0.3000000000000001,0.7100000000000004,32032881679.61572
2445,0.3100000000000001,0.7100000000000004,31348269159.661545
2446,0.3200000000000001,0.7100000000000004,30649508608.2098
2447,0.3300000000000001,0.7100000000000004,29936513555.179188
2448,0.34000000000000014,0.7100000000000004,29209225496.30665
2449,0.35000000000000014,0.7100000000000004,28467617684.352097
2450,0.36000000000000015,0.7100000000000004,27711699312.402138
2451,0.37000000000000016,0.7100000000000004,26941520127.107445
2452,0.38000000000000017,0.7100000000000004,26157175513.25885
2453,0.3900000000000002,0.7100000000000004,25358812095.010685
2454,0.4000000000000002,0.7100000000000004,24546633903.32959
2455,0.4100000000000002,0.7100000000000004,23720909163.913834
2456,0.4200000000000002,0.7100000000000004,22881977764.932037
2457,0.4300000000000002,0.7100000000000004,22030259469.508957
2458,0.4400000000000002,0.7100000000000004,21166262943.985073
2459,0.45000000000000023,0.7100000000000004,20290595679.64305
2460,0.46000000000000024,0.7100000000000004,19403974892.880787
2461,0.47000000000000025,0.7100000000000004,18507239496.773514
2462,0.48000000000000026,0.7100000000000004,17601363245.669743
2463,0.49000000000000027,0.7100000000000004,16687469163.9735
2464,0.5000000000000002,0.7100000000000004,15766845380.653439
2465,0.5100000000000002,0.7100000000000004,14840962502.367031
2466,0.5200000000000002,0.7100000000000004,13911492670.48264
2467,0.5300000000000002,0.7100000000000004,12980330460.818382
2468,0.5400000000000003,0.7100000000000004,12049615799.697586
2469,0.5500000000000003,0.7100000000000004,11121759086.05796
2470,0.5600000000000003,0.7100000000000004,10199468726.967083
2471,0.5700000000000003,0.7100000000000004,9285781313.122272
2472,0.5800000000000003,0.7100000000000004,8384094681.891918
2473,0.5900000000000003,0.7100000000000004,7498204138.3433
2474,0.6000000000000003,0.7100000000000004,6632342129.6661625
2475,0.6100000000000003,0.7100000000000004,5791221695.626448
2476,0.6200000000000003,0.7100000000000004,4980084047.365356
2477,0.6300000000000003,0.7100000000000004,4204750659.211599
2478,0.6400000000000003,0.7100000000000004,3471680293.427715
2479,0.6500000000000004,0.7100000000000004,2788031416.216447
2480,0.6600000000000004,0.7100000000000004,2161730505.1373653
2481,0.6700000000000004,0.7100000000000004,1601546793.6186638
2482,0.6800000000000004,0.7100000000000004,1117174047.8066237
2483,0.6900000000000004,0.7100000000000004,719320024.9109977
2484,0.7000000000000004,0.7100000000000004,419804320.84095573
2485,0.01,0.7200000000000004,46939774494.15828
2486,0.02,0.7200000000000004,46587761533.64989
2487,0.03,0.7200000000000004,46227780701.72336
2488,0.04,0.7200000000000004,45859641764.885315
2489,0.05,0.7200000000000004,45483150285.98479
2490,0.060000000000000005,0.7200000000000004,45098107687.70637
2491,0.07,0.7200000000000004,44704311336.43701
2492,0.08,0.7200000000000004,44301554648.898346
2493,0.09,0.7200000000000004,43889627224.17415
2494,0.09999999999999999,0.7200000000000004,43468315004.02408
2495,0.10999999999999999,0.7200000000000004,43037400464.66036
2496,0.11999999999999998,0.7200000000000004,42596662843.477234
2497,0.12999999999999998,0.7200000000000004,42145878404.5658
2498,0.13999999999999999,0.7200000000000004,41684820747.22184
2499,0.15,0.7200000000000004,41213261162.06547
2500,0.16,0.7200000000000004,40730969039.84066
2501,0.17,0.7200000000000004,40237712338.45517
2502,0.18000000000000002,0.7200000000000004,39733258114.36041
2503,0.19000000000000003,0.7200000000000004,39217373124.95975
2504,0.20000000000000004,0.7200000000000004,38689824509.38008
2505,0.21000000000000005,0.7200000000000004,38150380555.64705
2506,0.22000000000000006,0.7200000000000004,37598811563.07742
2507,0.23000000000000007,0.7200000000000004,37034890809.54818
2508,0.24000000000000007,0.7200000000000004,36458395634.2268
2509,0.25000000000000006,0.7200000000000004,35869108647.36066
2510,0.26000000000000006,0.7200000000000004,35266819079.83055
2511,0.2700000000000001,0.7200000000000004,34651324286.38652
2512,0.2800000000000001,0.7200000000000004,34022431417.809826
2513,0.2900000000000001,0.7200000000000004,33379959278.696358
2514,0.3000000000000001,0.7200000000000004,32723740389.14382
2515,0.3100000000000001,0.7200000000000004,32053623270.361977
2516,0.3200000000000001,0.7200000000000004,31369474976.124435
2517,0.3300000000000001,0.7200000000000004,30671183894.058662
2518,0.34000000000000014,0.7200000000000004,29958662843.043465
2519,0.35000000000000014,0.7200000000000004,29231852495.469296
2520,0.36000000000000015,0.7200000000000004,28490725155.83558
2521,0.37000000000000016,0.7200000000000004,27735288930.132725
2522,0.38000000000000017,0.7200000000000004,26965592323.708557
2523,0.3900000000000002,0.7200000000000004,26181729308.87486
2524,0.4000000000000002,0.7200000000000004,25383844907.398216
2525,0.4100000000000002,0.7200000000000004,24572141337.27153
2526,0.4200000000000002,0.7200000000000004,23746884777.810894
2527,0.4300000000000002,0.7200000000000004,22908412812.20514
2528,0.4400000000000002,0.7200000000000004,22057142612.201363
2529,0.45000000000000023,0.7200000000000004,21193579935.68296
2530,0.46000000000000024,0.7200000000000004,20318329014.535133
2531,0.47000000000000025,0.7200000000000004,19432103417.44803
2532,0.48000000000000026,0.7200000000000004,18535737980.235847
2533,0.49000000000000027,0.7200000000000004,17630201904.914536
2534,0.5000000000000002,0.7200000000000004,16716613138.24573
2535,0.5100000000000002,0.7200000000000004,15796254150.796257
2536,0.5200000000000002,0.7200000000000004,14870589248.857979
2537,0.5300000000000002,0.7200000000000004,13941283563.909954
2538,0.5400000000000003,0.7200000000000004,13010223877.777714
2539,0.5500000000000003,0.7200000000000004,12079541456.3547
2540,0.5600000000000003,0.7200000000000004,11151637080.810131
2541,0.5700000000000003,0.7200000000000004,10229208482.73706
2542,0.5800000000000003,0.7200000000000004,9315280408.823692
2543,0.5900000000000003,0.7200000000000004,8413237561.504481
2544,0.6000000000000003,0.7200000000000004,7526860684.817234
2545,0.6100000000000003,0.7200000000000004,6660366089.527572
2546,0.6200000000000003,0.7200000000000004,5818448938.661589
2547,0.6300000000000003,0.7200000000000004,5006330644.109462
2548,0.6400000000000003,0.7200000000000004,4229810757.1371765
2549,0.6500000000000004,0.7200000000000004,3495323770.700638
2550,0.6600000000000004,0.7200000000000004,2810001289.6429706
2551,0.6700000000000004,0.7200000000000004,2181740066.4383683
2552,0.6800000000000004,0.7200000000000004,1619276445.4128857
2553,0.6900000000000004,0.7200000000000004,1132267807.6322036
2554,0.7000000000000004,0.7200000000000004,731381662.2328856
2555,0.7100000000000004,0.7200000000000004,428393088.24451053
2556,0.01,0.7300000000000004,47294086051.791824
2557,0.02,0.7300000000000004,46950090795.29293
2558,0.03,0.7300000000000004,46598319638.19754
2559,0.04,0.7300000000000004,46238586752.633354
2560,0.05,0.7300000000000004,45870702062.27902
2561,0.060000000000000005,0.7300000000000004,45494471287.21391
2562,0.07,0.7300000000000004,45109696006.90651
2563,0.08,0.7300000000000004,44716173743.508934
2564,0.09,0.7300000000000004,44313698067.84175
2565,0.09999999999999999,0.7300000000000004,43902058730.690865
2566,0.10999999999999999,0.7300000000000004,43481041822.29876
2567,0.11999999999999998,0.7300000000000004,43050429963.2169
2568,0.12999999999999998,0.7300000000000004,42610002529.99851
2569,0.13999999999999999,0.7300000000000004,42159535919.55234
2570,0.15,0.7300000000000004,41698803856.35211
2571,0.16,0.7300000000000004,41227577747.106125
2572,0.17,0.7300000000000004,40745627087.93894
2573,0.18000000000000002,0.7300000000000004,40252719929.62881
2574,0.19000000000000003,0.7300000000000004,39748623406.980354
2575,0.20000000000000004,0.7300000000000004,39233104339.00079
2576,0.21000000000000005,0.7300000000000004,38705929907.190285
2577,0.22000000000000006,0.7300000000000004,38166868419.96181
2578,0.23000000000000007,0.7300000000000004,37615690171.975204
2579,0.24000000000000007,0.7300000000000004,37052168408.01428
2580,0.25000000000000006,0.7300000000000004,36476080401.95665
2581,0.26000000000000006,0.7300000000000004,35887208662.39647
2582,0.2700000000000001,0.7300000000000004,35285342277.5836
2583,0.2800000000000001,0.7300000000000004,34670278413.550934
2584,0.2900000000000001,0.7300000000000004,34041823980.62335
2585,0.3000000000000001,0.7300000000000004,33399797484.947548
2586,0.3100000000000001,0.7300000000000004,32744031083.263542
2587,0.3200000000000001,0.7300000000000004,32074372860.869087
2588,0.3300000000000001,0.7300000000000004,31390689354.62068
2589,0.34000000000000014,0.7300000000000004,30692868344.88514
2590,0.35000000000000014,0.7300000000000004,29980821942.619957
2591,0.36000000000000015,0.7300000000000004,29254490000.23725
2592,0.37000000000000016,0.7300000000000004,28513843877.614746
2593,0.38000000000000017,0.7300000000000004,27758890597.57892
2594,0.3900000000000002,0.7300000000000004,26989677428.425377
2595,0.4000000000000002,0.7300000000000004,26206296934.583054
2596,0.4100000000000002,0.7300000000000004,25408892540.402145
2597,0.4200000000000002,0.7300000000000004,24597664656.280704
2598,0.4300000000000002,0.7300000000000004,23772877420.974304
2599,0.4400000000000002,0.7300000000000004,22934866118.994957
2600,0.45000000000000023,0.7300000000000004,22084045337.538452
2601,0.46000000000000024,0.7300000000000004,21220917933.42693
2602,0.47000000000000025,0.7300000000000004,20346084887.1638
2603,0.48000000000000026,0.7300000000000004,19460256128.422016
2604,0.49000000000000027,0.7300000000000004,18564262425.18071
2605,0.5000000000000002,0.7300000000000004,17659068437.35079
2606,0.5100000000000002,0.7300000000000004,16745787045.153168
2607,0.5200000000000002,0.7300000000000004,15825695072.808475
2608,0.5300000000000002,0.7300000000000004,14900250539.339947
2609,0.5400000000000003,0.7300000000000004,13971111580.572056
2610,0.5500000000000003,0.7300000000000004,13040157199.816109
2611,0.5600000000000003,0.7300000000000004,12109510019.374092
2612,0.5700000000000003,0.7300000000000004,11181561220.973885
2613,0.5800000000000003,0.7300000000000004,10258997880.691385
2614,0.5900000000000003,0.7300000000000004,9344832922.949825
2615,0.6000000000000003,0.7300000000000004,8442437938.953182
2616,0.6100000000000003,0.7300000000000004,7555579137.563878
2617,0.6200000000000003,0.7300000000000004,6688456721.339315
2618,0.6300000000000003,0.7300000000000004,5845748007.377937
2619,0.6400000000000003,0.7300000000000004,5032654641.987013
2620,0.6500000000000004,0.7300000000000004,4254954290.1823225
2621,0.6600000000000004,0.7300000000000004,3519057215.8905516
2622,0.6700000000000004,0.7300000000000004,2832068206.693802
2623,0.6800000000000004,0.7300000000000004,2201854338.297847
2624,0.6900000000000004,0.7300000000000004,1637119118.9041643
2625,0.7000000000000004,0.7300000000000004,1147483602.6297498
2626,0.7100000000000004,0.7300000000000004,743575114.3758973
2627,0.7200000000000004,0.7300000000000004,437124286.45308596
2628,0.01,0.7400000000000004,47640338261.49292
2629,0.02,0.7400000000000004,47304167414.09015
2630,0.03,0.7400000000000004,46960408051.443954
2631,0.04,0.7400000000000004,46608878778.89326
2632,0.05,0.7400000000000004,46249393925.559166
2633,0.060000000000000005,0.7400000000000004,45881763572.63874
2634,0.07,0.7400000000000004,45505793597.81301
2635,0.08,0.7400000000000004,45121285737.73267
2636,0.09,0.7400000000000004,44728037670.74229
2637,0.09999999999999999,0.7400000000000004,44325843122.21981
2638,0.10999999999999999,0.7400000000000004,43914491995.145386
2639,0.11999999999999998,0.7400000000000004,43493770528.77254
2640,0.12999999999999998,0.7400000000000004,43063461488.55928
2641,0.13999999999999999,0.7400000000000004,42623344390.82705
2642,0.15,0.7400000000000004,42173195765.95679
2643,0.16,0.7400000000000004,41712789464.30357
2644,0.17,0.7400000000000004,41241897009.41977
2645,0.18000000000000002,0.7400000000000004,40760288003.623344
2646,0.19000000000000003,0.7400000000000004,40267730591.43687
2647,0.20000000000000004,0.7400000000000004,39763991986.95828
2648,0.21000000000000005,0.7400000000000004,39248839071.809875
2649,0.22000000000000006,0.7400000000000004,38722039070.95335
2650,0.23000000000000007,0.7400000000000004,38183360314.360245
2651,0.24000000000000007,0.7400000000000004,37632573093.29463
2652,0.25000000000000006,0.7400000000000004,37069450620.80506
2653,0.26000000000000006,0.7400000000000004,36493770106.942
2654,0.2700000000000001,0.7400000000000004,35905313960.22237
2655,0.2800000000000001,0.7400000000000004,35303871127.96339
2656,0.2900000000000001,0.7400000000000004,34689238589.31149
2657,0.3000000000000001,0.7400000000000004,34061223016.109062
2658,0.3100000000000001,0.7400000000000004,33419642618.182404
2659,0.3200000000000001,0.7400000000000004,32764329191.21031
2660,0.3300000000000001,0.7400000000000004,32095130387.056557
2661,0.34000000000000014,0.7400000000000004,31411912228.335175
2662,0.35000000000000014,0.7400000000000004,30714561891.039978
2663,0.36000000000000015,0.7400000000000004,30002990781.325607
2664,0.37000000000000016,0.7400000000000004,29277137934.99463
2665,0.38000000000000017,0.7400000000000004,28536973770.943077
2666,0.3900000000000002,0.7400000000000004,27782504232.767967
2667,0.4000000000000002,0.7400000000000004,27013775355.9666
2668,0.4100000000000002,0.7400000000000004,26230878301.68574
2669,0.4200000000000002,0.7400000000000004,25433954901.836502
2670,0.4300000000000002,0.7400000000000004,24623203764.608536
2671,0.4400000000000002,0.7400000000000004,23798886994.02805
2672,0.45000000000000023,0.7400000000000004,22961337582.244926
2673,0.46000000000000024,0.7400000000000004,22110967538.7443
2674,0.47000000000000025,0.7400000000000004,21248276826.700043
2675,0.48000000000000026,0.7400000000000004,20373863183.269997
2676,0.49000000000000027,0.7400000000000004,19488432907.824944
2677,0.5000000000000002,0.7400000000000004,18592812709.963768
2678,0.5100000000000002,0.7400000000000004,17687962717.75363
2679,0.5200000000000002,0.7400000000000004,16774990756.016153
2680,0.5300000000000002,0.7400000000000004,15855168014.727507
2681,0.5400000000000003,0.7400000000000004,14929946238.793028
2682,0.5500000000000003,0.7400000000000004,14000976582.679577
2683,0.5600000000000003,0.7400000000000004,13070130286.734417
2684,0.5700000000000003,0.7400000000000004,12139521346.589539
2685,0.5800000000000003,0.7400000000000004,11211531362.954039
2686,0.5900000000000003,0.7400000000000004,10288836776.453815
2687,0.6000000000000003,0.7400000000000004,9374438711.117054
2688,0.6100000000000003,0.7400000000000004,8471695670.764965
2689,0.6200000000000003,0.7400000000000004,7584359355.103551
2690,0.6300000000000003,0.7400000000000004,6716613886.88648
2691,0.6400000000000003,0.7400000000000004,5873118768.311838
2692,0.6500000000000004,0.7400000000000004,5059055914.017471
2693,0.6600000000000004,0.7400000000000004,4280181139.8611145
2694,0.6700000000000004,0.7400000000000004,3542880521.3357954
2695,0.6800000000000004,0.7400000000000004,2854232073.2233562
2696,0.6900000000000004,0.7400000000000004,2222073243.18958
2697,0.7000000000000004,0.7400000000000004,1655074756.756462
2698,0.7100000000000004,0.7400000000000004,1162821399.7551284
2699,0.7200000000000004,0.7400000000000004,755900377.2917547
2700,0.7300000000000004,0.7400000000000004,445997945.80135083
2701,0.01,0.7500000000000004,47978725342.46963
2702,0.02,0.7500000000000004,47650190353.42614
2703,0.03,0.7500000000000004,47314249637.19695
2704,0.04,0.7500000000000004,46970726244.414276
2705,0.05,0.7500000000000004,46619438936.79879
2706,0.060000000000000005,0.7500000000000004,46260202200.78658
2707,0.07,0.7500000000000004,45892826275.43782
2708,0.08,0.7500000000000004,45517117196.40488
2709,0.09,0.7500000000000004,45132876857.91717
2710,0.09999999999999999,0.7500000000000004,44739903094.93713
2711,0.10999999999999999,0.7500000000000004,44337989787.856705
2712,0.11999999999999998,0.7500000000000004,43926926992.3403
2713,0.12999999999999998,0.7500000000000004,43506501097.17879
2714,0.13999999999999999,0.7500000000000004,43076495013.301765
2715,0.15,0.7500000000000004,42636688397.405975
2716,0.16,0.7500000000000004,42186857913.996826
2717,0.17,0.7500000000000004,41726777540.011696
2718,0.18000000000000002,0.7500000000000004,41256218916.60064
2719,0.19000000000000003,0.7500000000000004,40774951753.085205
2720,0.20000000000000004,0.7500000000000004,40282744288.60376
2721,0.21000000000000005,0.7500000000000004,39779363817.484924
2722,0.22000000000000006,0.7500000000000004,39264577284.9747
2723,0.23000000000000007,0.7500000000000004,38738151960.58192
2724,0.24000000000000007,0.7500000000000004,38199856197.00531
2725,0.25000000000000006,0.7500000000000004,37649460283.371475
2726,0.26000000000000006,0.7500000000000004,37086737402.34904
2727,0.2700000000000001,0.7500000000000004,36511464701.62137
2728,0.2800000000000001,0.7500000000000004,35923424491.20146
2729,0.2900000000000001,0.7500000000000004,35322405579.169716
2730,0.3000000000000001,0.7500000000000004,34708204759.61438
2731,0.3100000000000001,0.7500000000000004,34080628467.866913
2732,0.3200000000000001,0.7500000000000004,33439494619.559956
2733,0.3300000000000001,0.7500000000000004,32784634651.605743
2734,0.34000000000000014,0.7500000000000004,32115895784.910557
2735,0.35000000000000014,0.7500000000000004,31433143530.519432
2736,0.36000000000000015,0.7500000000000004,30736264462.94011
2737,0.37000000000000016,0.7500000000000004,30025169286.64275
2738,0.38000000000000017,0.7500000000000004,29299796224.189465
2739,0.3900000000000002,0.7500000000000004,28560114757.13595
2740,0.4000000000000002,0.7500000000000004,27806129753.786312
2741,0.4100000000000002,0.7500000000000004,27037886021.096565
2742,0.4200000000000002,0.7500000000000004,26255473321.536385
2743,0.4300000000000002,0.7500000000000004,25459031899.560883
2744,0.4400000000000002,0.7500000000000004,24648758566.54519
2745,0.45000000000000023,0.7500000000000004,23824913397.626617
2746,0.46000000000000024,0.7500000000000004,22987827098.91911
2747,0.47000000000000025,0.7500000000000004,22137909109.051796
2748,0.48000000000000026,0.7500000000000004,21275656504.9803
2749,0.49000000000000027,0.7500000000000004,20401663788.573315
2750,0.5000000000000002,0.7500000000000004,19516633637.63858
2751,0.5100000000000002,0.7500000000000004,18621388712.877914
2752,0.5200000000000002,0.7500000000000004,17716884620.809658
2753,0.5300000000000002,0.7500000000000004,16804224142.036564
2754,0.5400000000000003,0.7500000000000004,15884672844.437761
2755,0.5500000000000003,0.7500000000000004,14959676212.004501
2756,0.5600000000000003,0.7500000000000004,14030878432.204464
2757,0.5700000000000003,0.7500000000000004,13100142998.042246
2758,0.5800000000000003,0.7500000000000004,12169575295.483288
2759,0.5900000000000003,0.7500000000000004,11241547362.734934
2760,0.6000000000000003,0.7500000000000004,10318725025.148743
2761,0.6100000000000003,0.7500000000000004,9404097628.352316
2762,0.6200000000000003,0.7500000000000004,8501010612.774551
2763,0.6300000000000003,0.7500000000000004,7613201195.147225
2764,0.6400000000000003,0.7500000000000004,6744837447.0113
2765,0.6500000000000004,0.7500000000000004,5900561086.904805
2766,0.6600000000000004,0.7500000000000004,5085534331.952688
2767,0.6700000000000004,0.7500000000000004,4305491186.223419
2768,0.6800000000000004,0.7500000000000004,3566793577.6871624
2769,0.6900000000000004,0.7500000000000004,2876492793.144674
2770,0.7000000000000004,0.7500000000000004,2242396701.35768
2771,0.7100000000000004,0.7500000000000004,1673143299.0767908
2772,0.7200000000000004,0.7500000000000004,1178281163.035609
2773,0.7300000000000004,0.7500000000000004,768357443.5818164
2774,0.7400000000000004,0.7500000000000004,455014092.7950051
2775,0.01,0.7600000000000005,48309436631.21364
2776,0.02,0.7600000000000005,47988353691.40856
2777,0.03,0.7600000000000005,47660043217.44829
2778,0.04,0.7600000000000005,47324332703.648705
2779,0.05,0.7600000000000005,46981045356.03354
2780,0.060000000000000005,0.7600000000000005,46630000093.00375
2781,0.07,0.7600000000000005,46271011558.63039
2782,0.08,0.7600000000000005,45903890150.179825
2783,0.09,0.7600000000000005,45528442061.64372
2784,0.09999999999999999,0.7600000000000005,45144469345.22501
2785,0.10999999999999999,0.7600000000000005,44751769992.92758
2786,0.11999999999999998,0.7600000000000005,44350138040.61199
2787,0.12999999999999998,0.7600000000000005,43939363697.11507
2788,0.13999999999999999,0.7600000000000005,43519233501.28911
2789,0.15,0.7600000000000005,43089530510.098335
2790,0.16,0.7600000000000005,42650034521.21962
2791,0.17,0.7600000000000005,42200522333.93283
2792,0.18000000000000002,0.7600000000000005,41740768052.45628
2793,0.19000000000000003,0.7600000000000005,41270543436.28885
2794,0.20000000000000004,0.7600000000000005,40789618302.563446
2795,0.21000000000000005,0.7600000000000005,40297760985.90307
2796,0.22000000000000006,0.7600000000000005,39794738861.801834
2797,0.23000000000000007,0.7600000000000005,39280318940.13549
2798,0.24000000000000007,0.7600000000000005,38754268536.04279
2799,0.25000000000000006,0.7600000000000005,38216356026.115685
2800,0.26000000000000006,0.7600000000000005,37666351698.598854
2801,0.2700000000000001,0.7600000000000005,37104028707.133644
2802,0.2800000000000001,0.7600000000000005,36529164138.49365
2803,0.2900000000000001,0.7600000000000005,35941540205.75868
2804,0.3000000000000001,0.7600000000000005,35340945579.46552
2805,0.3100000000000001,0.7600000000000005,34727176870.47008
2806,0.3200000000000001,0.7600000000000005,34100040279.562176
2807,0.3300000000000001,0.7600000000000005,33459353430.305405
2808,0.34000000000000014,0.7600000000000005,32804947403.13822
2809,0.35000000000000014,0.7600000000000005,32136668990.484337
2810,0.36000000000000015,0.7600000000000005,31454383194.492058
2811,0.37000000000000016,0.7600000000000005,30757975991.069244
2812,0.38000000000000017,0.7600000000000005,30047357386.119576
2813,0.3900000000000002,0.7600000000000005,29322464792.33435
2814,0.4000000000000002,0.7600000000000005,28583266757.571335
2815,0.4100000000000002,0.7600000000000005,27829767078.780273
2816,0.4200000000000002,0.7600000000000005,27062009338.636032
2817,0.4300000000000002,0.7600000000000005,26280081905.54046
2818,0.4400000000000002,0.7600000000000005,25484123441.481384
2819,0.45000000000000023,0.7600000000000005,24674328966.420574
2820,0.46000000000000024,0.7600000000000005,23850956532.456055
2821,0.47000000000000025,0.7600000000000005,23014334566.00332
2822,0.48000000000000026,0.7600000000000005,22164869941.703987
2823,0.49000000000000027,0.7600000000000005,21303056857.742043
2824,0.5000000000000002,0.7600000000000005,20429486588.773457
2825,0.5100000000000002,0.7600000000000005,19544858199.80581
2826,0.5200000000000002,0.7600000000000005,18649990312.155144
2827,0.5300000000000002,0.7600000000000005,17745834021.118813
2828,0.5400000000000003,0.7600000000000005,16833487074.299809
2829,0.5500000000000003,0.7600000000000005,15914209429.672808
2830,0.5600000000000003,0.7600000000000005,14989440323.571167
2831,0.5700000000000003,0.7600000000000005,14060816990.882671
2832,0.5800000000000003,0.7600000000000005,13130195192.960848
2833,0.5900000000000003,0.7600000000000005,12199671723.18923
2834,0.6000000000000003,0.7600000000000005,11271609075.883814
2835,0.6100000000000003,0.7600000000000005,10348662481.404884
2836,0.6200000000000003,0.7600000000000005,9433809529.09719
2837,0.6300000000000003,0.7600000000000005,8530382620.128841
2838,0.6400000000000003,0.7600000000000005,7642104514.601252
2839,0.6500000000000004,0.7600000000000005,6773127261.618362
2840,0.6600000000000004,0.7600000000000005,5928074827.509336
2841,0.6700000000000004,0.7600000000000005,5112089766.283042
2842,0.6800000000000004,0.7600000000000005,4330884307.861688
2843,0.6900000000000004,0.7600000000000005,3590796273.9151907
2844,0.7000000000000004,0.7600000000000005,2898850268.4373436
2845,0.7100000000000004,0.7600000000000005,2262824630.825266
2846,0.7200000000000004,0.7600000000000005,1691324683.4245415
2847,0.7300000000000004,0.7600000000000005,1193862853.5800982
2848,0.7400000000000004,0.7600000000000005,780946302.5082593
2849,0.7500000000000004,0.7600000000000005,464172750.12295866
2850,0.01,0.7700000000000005,48632656597.13405
2851,0.02,0.7700000000000005,48318846623.72277
2852,0.03,0.7700000000000005,47997982728.82989
2853,0.04,0.7700000000000005,47669896836.7956
2854,0.05,0.7700000000000005,47334416596.007576
2855,0.060000000000000005,0.7700000000000005,46991365368.15819
2856,0.07,0.7700000000000005,46640562228.62568
2857,0.08,0.7700000000000005,46281821979.434456
2858,0.09,0.7700000000000005,45914955176.39859
2859,0.09999999999999999,0.7700000000000005,45539768172.21529
2860,0.10999999999999999,0.7700000000000005,45156063177.45402
2861,0.11999999999999998,0.7700000000000005,44763638341.581856
2862,0.12999999999999998,0.7700000000000005,44362287856.380714
2863,0.13999999999999999,0.7700000000000005,43951802084.34597
2864,0.15,0.7700000000000005,43531967714.91342
2865,0.16,0.7700000000000005,43102567951.642746
2866,0.17,0.7700000000000005,42663382733.79363
2867,0.18000000000000002,0.7700000000000005,42214188996.06804
2868,0.19000000000000003,0.7700000000000005,41754760970.661575
2869,0.20000000000000004,0.7700000000000005,41284870536.17059
2870,0.21000000000000005,0.7700000000000005,40804287618.344666
2871,0.22000000000000006,0.7700000000000005,40312780648.15772
2872,0.23000000000000007,0.7700000000000005,39810117083.20158
2873,0.24000000000000007,0.7700000000000005,39296063998.98506
2874,0.25000000000000006,0.7700000000000005,38770388757.35712
2875,0.26000000000000006,0.7700000000000005,38232859759.96602
2876,0.2700000000000001,0.7700000000000005,37683247295.42751
2877,0.2800000000000001,0.7700000000000005,37121324489.705475
2878,0.2900000000000001,0.7700000000000005,36546868370.11846
2879,0.3000000000000001,0.7700000000000005,35959661054.38108
2880,0.3100000000000001,0.7700000000000005,35359491077.17721
2881,0.3200000000000001,0.7700000000000005,34746154867.95372
2882,0.3300000000000001,0.7700000000000005,34119458394.925835
2883,0.34000000000000014,0.7700000000000005,33479218991.710537
2884,0.35000000000000014,0.7700000000000005,32825267384.563335
2885,0.36000000000000015,0.7700000000000005,32157449939.898716
2886,0.37000000000000016,0.7700000000000005,31475631153.63926
2887,0.38000000000000017,0.7700000000000005,30779696405.97828
2888,0.3900000000000002,0.7700000000000005,30069555007.370758
2889,0.4000000000000002,0.7700000000000005,29345143564.007027
2890,0.4100000000000002,0.7700000000000005,28606429693.690414
2891,0.4200000000000002,0.7700000000000005,27853416125.956825
2892,0.4300000000000002,0.7700000000000005,27086145223.462944
2893,0.4400000000000002,0.7700000000000005,26304703965.15625
2894,0.45000000000000023,0.7700000000000005,25509229435.5515
2895,0.46000000000000024,0.7700000000000005,24699914868.605335
2896,0.47000000000000025,0.7700000000000005,23877016299.235065
2897,0.48000000000000026,0.7700000000000005,23040859880.50632
2898,0.49000000000000027,0.7700000000000005,22191849929.955276
2899,0.5000000000000002,0.7700000000000005,21330477774.457306
2900,0.5100000000000002,0.7700000000000005,20457331469.55178
2901,0.5200000000000002,0.7700000000000005,19573106476.23231
2902,0.5300000000000002,0.7700000000000005,18678617385.968227
2903,0.5400000000000003,0.7700000000000005,17774810793.19628
2904,0.5500000000000003,0.7700000000000005,16862779423.777012
2905,0.5600000000000003,0.7700000000000005,15943777638.017715
2906,0.5700000000000003,0.7700000000000005,15019238437.901917
2907,0.5800000000000003,0.7700000000000005,14090792120.2168
2908,0.5900000000000003,0.7700000000000005,13160286730.426033
2909,0.6000000000000003,0.7700000000000005,12229810486.496
2910,0.6100000000000003,0.7700000000000005,11301716357.554272
2911,0.6200000000000003,0.7700000000000005,10378648999.359035
2912,0.6300000000000003,0.7700000000000005,9463574267.211828
2913,0.6400000000000003,0.7700000000000005,8559811547.291306
2914,0.6500000000000004,0.7700000000000005,7671069169.572184
2915,0.6600000000000004,0.7700000000000005,6801483189.679849
2916,0.6700000000000004,0.7700000000000005,5955659853.3944435
2917,0.6800000000000004,0.7700000000000005,5138722086.243698
2918,0.6900000000000004,0.7700000000000005,4356360381.917625
2919,0.7000000000000004,0.7700000000000005,3614888497.3174977
2920,0.7100000000000004,0.7700000000000005,2921304399.155552
2921,0.7200000000000004,0.7700000000000005,2283356947.4031324
2922,0.7300000000000004,0.7700000000000005,1709618844.8210502
2923,0.7400000000000004,0.7700000000000005,1209566429.5895574
2924,0.7500000000000004,0.7700000000000005,793666940.0053799
2925,0.7600000000000005,0.7700000000000005,473473936.6696558
2926,0.01,0.7800000000000005,48948564869.747574
2927,0.02,0.7800000000000005,48641853479.619415
2928,0.03,0.7800000000000005,48328257225.86975
2929,0.04,0.7800000000000005,48007612438.63732
2930,0.05,0.7800000000000005,47679751194.72901
2931,0.060000000000000005,0.7800000000000005,47344501296.86149
2932,0.07,0.7800000000000005,47001686262.67149
2933,0.08,0.7800000000000005,46651125324.81001
2934,0.09,0.7800000000000005,46292633443.57174
2935,0.09999999999999999,0.7800000000000005,45926021333.65822
2936,0.10999999999999999,0.7800000000000005,45551095506.836876
2937,0.11999999999999998,0.7800000000000005,45167658332.43484
2938,0.12999999999999998,0.7800000000000005,44775508117.80234
2939,0.13999999999999999,0.7800000000000005,44374439211.09347
2940,0.15,0.7800000000000005,43964242128.94624
2941,0.16,0.7800000000000005,43544703711.90003
2942,0.17,0.7800000000000005,43115607310.66868
2943,0.18000000000000002,0.7800000000000005,42676733006.69506
2944,0.19000000000000003,0.7800000000000005,42227857870.7487
2945,0.20000000000000004,0.7800000000000005,41768756263.69637
2946,0.21000000000000005,0.7800000000000005,41299200183.97824
2947,0.22000000000000006,0.7800000000000005,40818959666.763275
2948,0.23000000000000007,0.7800000000000005,40327803240.24013
2949,0.24000000000000007,0.7800000000000005,39825498445.02787
2950,0.25000000000000006,0.7800000000000005,39311812423.26915
2951,0.26000000000000006,0.7800000000000005,38786512584.60053
2952,0.2700000000000001,0.7800000000000005,38249367356.88715
2953,0.2800000000000001,0.7800000000000005,37700147030.36598
2954,0.2900000000000001,0.7800000000000005,37138624704.67053
2955,0.3000000000000001,0.7800000000000005,36564577349.1163
2956,0.3100000000000001,0.7800000000000005,35977786987.618065
2957,0.3200000000000001,0.7800000000000005,35378042020.69486
2958,0.3300000000000001,0.7800000000000005,34765138698.205414
2959,0.34000000000000014,0.7800000000000005,34138882757.75492
2960,0.35000000000000014,0.7800000000000005,33499091245.13404
2961,0.36000000000000015,0.7800000000000005,32845594534.704285
2962,0.37000000000000016,0.7800000000000005,32178238569.34252
2963,0.38000000000000017,0.7800000000000005,31496887341.41532
2964,0.3900000000000002,0.7800000000000005,30801425638.285915
2965,0.4000000000000002,0.7800000000000005,30091762078.077972
2966,0.4100000000000002,0.7800000000000005,29367832463.85099
2967,0.4200000000000002,0.7800000000000005,28629603486.998302
2968,0.4300000000000002,0.7800000000000005,27877076813.58426
2969,0.4400000000000002,0.7800000000000005,27110293590.51326
2970,0.45000000000000023,0.7800000000000005,26329339411.89576
2971,0.46000000000000024,0.7800000000000005,25534349789.773056
2972,0.47000000000000025,0.7800000000000005,24725516177.51184
2973,0.48000000000000026,0.7800000000000005,23903092598.716072
2974,0.49000000000000027,0.7800000000000005,23067402939.461014
2975,0.5000000000000002,0.7800000000000005,22218848967.072735
2976,0.5100000000000002,0.7800000000000005,21357919144.597187
2977,0.5200000000000002,0.7800000000000005,20485198316.57267
2978,0.5300000000000002,0.7800000000000005,19601378348.788155
2979,0.5400000000000003,0.7800000000000005,18707269812.432476
2980,0.5500000000000003,0.7800000000000005,17803814811.474403
2981,0.5600000000000003,0.7800000000000005,16892101061.327007
2982,0.5700000000000003,0.7800000000000005,15973377336.911255
2983,0.5800000000000003,0.7800000000000005,15049070419.22007
2984,0.5900000000000003,0.7800000000000005,14120803681.47876
2985,0.6000000000000003,0.7800000000000005,13190417469.091034
2986,0.6100000000000003,0.7800000000000005,12259991441.85022
2987,0.6200000000000003,0.7800000000000005,11331869062.489666
2988,0.6300000000000003,0.7800000000000005,10408684432.659819
2989,0.6400000000000003,0.7800000000000005,9493391695.979156
2990,0.6500000000000004,0.7800000000000005,8589297248.046446
2991,0.6600000000000004,0.7800000000000005,7700095015.371596
2992,0.6700000000000004,0.7800000000000005,6829905089.240784
2993,0.6800000000000004,0.7800000000000005,5983316026.751455
2994,0.6900000000000004,0.7800000000000005,5165431159.820739
2995,0.7000000000000004,0.7800000000000005,4381919284.089014
2996,0.7100000000000004,0.7800000000000005,3639070133.5261884
2997,0.7200000000000004,0.7800000000000005,2943855083.436096
2998,0.7300000000000004,0.7800000000000005,2303993564.698608
2999,0.7400000000000004,0.7800000000000005,1728025715.7591667
3000,0.7500000000000004,0.7800000000000005,1225391846.3674202
3001,0.7600000000000005,0.7800000000000005,806519338.6910442
3002,0.7700000000000005,0.7800000000000005,482917667.52755684
3003,0.01,0.7900000000000005,49257336275.957634
3004,0.02,0.7900000000000005,48957553749.414116
3005,0.03,0.7900000000000005,48651050897.33177
3006,0.04,0.7900000000000005,48337668422.19497
3007,0.05,0.7900000000000005,48017242804.758316
3008,0.060000000000000005,0.7900000000000005,47689606274.534195
3009,0.07,0.7900000000000005,47354586788.82419
3010,0.08,0.7900000000000005,47012008021.48359
3011,0.09,0.7900000000000005,46661689362.73025
3012,0.09999999999999999,0.7900000000000005,46303445931.44437
3013,0.10999999999999999,0.7900000000000005,45937088601.55325
3014,0.11999999999999998,0.7900000000000005,45562424044.25737
3015,0.12999999999999998,0.7900000000000005,45179254788.03104
3016,0.13999999999999999,0.7900000000000005,44787379298.52566
3017,0.15,0.7900000000000005,44386592080.71644
3018,0.16,0.7900000000000005,43976683805.86618
3019,0.17,0.7900000000000005,43557441466.13575
3020,0.18000000000000002,0.7900000000000005,43128648559.94975
3021,0.19000000000000003,0.7900000000000005,42690085311.532486
3022,0.20000000000000004,0.7900000000000005,42241528928.36411
3023,0.21000000000000005,0.7900000000000005,41782753900.67418
3024,0.22000000000000006,0.7900000000000005,41313532347.490486
3025,0.23000000000000007,0.7900000000000005,40833634414.20169
3026,0.24000000000000007,0.7900000000000005,40342828727.072334
3027,0.25000000000000006,0.7900000000000005,39840882910.675766
3028,0.26000000000000006,0.7900000000000005,39327564174.78645
3029,0.2700000000000001,0.7900000000000005,38802639977.90339
3030,0.2800000000000001,0.7900000000000005,38265878775.266304
3031,0.2900000000000001,0.7900000000000005,37717050859.980804
3032,0.3000000000000001,0.7900000000000005,37155929306.69444
3033,0.3100000000000001,0.7900000000000005,36582291028.16887
3034,0.3200000000000001,0.7900000000000005,35995917956.081726
3035,0.3300000000000001,0.7900000000000005,35396598358.47265
3036,0.34000000000000014,0.7900000000000005,34784128307.43057
3037,0.35000000000000014,0.7900000000000005,34158313311.91285
3038,0.36000000000000015,0.7900000000000005,33518970132.001923
3039,0.37000000000000016,0.7900000000000005,32865928792.45225
3040,0.38000000000000017,0.7900000000000005,32199034815.07299
3041,0.3900000000000002,0.7900000000000005,31518151691.34308
3042,0.4000000000000002,0.7900000000000005,30823163618.67914
3043,0.4100000000000002,0.7900000000000005,30113978525.990494
3044,0.4200000000000002,0.7900000000000005,29390531416.57612
3045,0.4300000000000002,0.7900000000000005,28652788059.06465
3046,0.4400000000000002,0.7900000000000005,27900749059.992958
3047,0.45000000000000023,0.7900000000000005,27134454354.781643
3048,0.46000000000000024,0.7900000000000005,26353988157.325485
3049,0.47000000000000025,0.7900000000000005,25559484412.197098
3050,0.48000000000000026,0.7900000000000005,24751132797.59519
3051,0.49000000000000027,0.7900000000000005,23929185331.6863
3052,0.5000000000000002,0.7900000000000005,23093963639.925514
3053,0.5100000000000002,0.7900000000000005,22245866946.337296
3054,0.5200000000000002,0.7900000000000005,21385380857.633278
3055,0.5300000000000002,0.7900000000000005,20513087015.48517
3056,0.5400000000000003,0.7900000000000005,19629673699.309383
3057,0.5500000000000003,0.7900000000000005,18735947469.60751
3058,0.5600000000000003,0.7900000000000005,17832845950.304607
3059,0.5700000000000003,0.7900000000000005,16921451857.698439
3060,0.5800000000000003,0.7900000000000005,16003008393.648182
3061,0.5900000000000003,0.7900000000000005,15078936131.565914
3062,0.6000000000000003,0.7900000000000005,14150851535.712498
3063,0.6100000000000003,0.7900000000000005,13220587267.32943
3064,0.6200000000000003,0.7900000000000005,12290214445.359554
3065,0.6300000000000003,0.7900000000000005,11362067045.026556
3066,0.6400000000000003,0.7900000000000005,10438768634.471329
3067,0.6500000000000004,0.7900000000000005,9523261668.108833
3068,0.6600000000000004,0.7900000000000005,8618839575.504185
3069,0.6700000000000004,0.7900000000000005,7729181906.52091
3070,0.6800000000000004,0.7900000000000005,6858392817.424269
3071,0.6900000000000004,0.7900000000000005,6011043208.699751
3072,0.7000000000000004,0.7900000000000005,5192216853.757484
3073,0.7100000000000004,0.7900000000000005,4407560888.636567
3074,0.7200000000000004,0.7900000000000005,3663341066.515256
3075,0.7300000000000004,0.7900000000000005,2966502217.5065413
3076,0.7400000000000004,0.7900000000000005,2324734394.1243725
3077,0.7500000000000004,0.7900000000000005,1746545226.2129354
3078,0.7600000000000005,0.7900000000000005,1241339056.3301866
3079,0.7700000000000005,0.7900000000000005,819503477.8781927
3080,0.7800000000000005,0.7900000000000005,492503954.00974965
3081,0.01,0.8000000000000005,49559140886.09829
3082,0.02,0.8000000000000005,49266122122.03606
3083,0.03,0.8000000000000005,48966543094.02355
3084,0.04,0.8000000000000005,48660248835.418884
3085,0.05,0.8000000000000005,48347080197.261635
3086,0.060000000000000005,0.8000000000000005,48026873811.144104
3087,0.07,0.8000000000000005,47699462059.521614
3088,0.08,0.8000000000000005,47364673054.535194
3089,0.09,0.8000000000000005,47022330626.53155
3090,0.09999999999999999,0.8000000000000005,46672254323.58789
3091,0.10999999999999999,0.8000000000000005,46314259423.4837
3092,0.11999999999999998,0.8000000000000005,45948156959.70864
3093,0.12999999999999998,0.8000000000000005,45573753763.2574
3094,0.13999999999999999,0.8000000000000005,45190852522.139145
3095,0.15,0.8000000000000005,44799251860.722755
3096,0.16,0.8000000000000005,44398746441.2515
3097,0.17,0.8000000000000005,43989127090.093155
3098,0.18000000000000002,0.8000000000000005,43570180951.545975
3099,0.19000000000000003,0.8000000000000005,43141691672.29972
3100,0.20000000000000004,0.8000000000000005,42703439619.956085
3101,0.21000000000000005,0.8000000000000005,42255202139.3468
3102,0.22000000000000006,0.8000000000000005,41796753850.75328
3103,0.23000000000000007,0.8000000000000005,41327866994.53244
3104,0.24000000000000007,0.8000000000000005,40848311827.09039
3105,0.25000000000000006,0.8000000000000005,40357857073.62619
3106,0.26000000000000006,0.8000000000000005,39856270443.591805
3107,0.2700000000000001,0.8000000000000005,39343319215.38887
3108,0.2800000000000001,0.8000000000000005,38818770897.45091
3109,0.2900000000000001,0.8000000000000005,38282393973.54724
3110,0.3000000000000001,0.8000000000000005,37733958740.89678
3111,0.3100000000000001,0.8000000000000005,37173238250.502686
3112,0.3200000000000001,0.8000000000000005,36600009360.01928
3113,0.3300000000000001,0.8000000000000005,36014053910.44707
3114,0.34000000000000014,0.8000000000000005,35415160039.02907
3115,0.35000000000000014,0.8000000000000005,34803123641.90017
3116,0.36000000000000015,0.8000000000000005,34177750001.329765
3117,0.37000000000000016,0.8000000000000005,33538855593.807903
3118,0.38000000000000017,0.8000000000000005,32886270096.766838
3119,0.3900000000000002,0.8000000000000005,32219838613.416252
3120,0.4000000000000002,0.8000000000000005,31539424137.014362
3121,0.4100000000000002,0.8000000000000005,30844910277.913715
3122,0.4200000000000002,0.8000000000000005,30136204278.925743
3123,0.4300000000000002,0.8000000000000005,29413240346.959232
3124,0.4400000000000002,0.8000000000000005,28675983331.524323
3125,0.45000000000000023,0.8000000000000005,27924432783.575996
3126,0.46000000000000024,0.8000000000000005,27158627431.322273
3127,0.47000000000000025,0.8000000000000005,26378650113.067284
3128,0.48000000000000026,0.8000000000000005,25584633210.924774
3129,0.49000000000000027,0.8000000000000005,24776764633.354134
3130,0.5000000000000002,0.8000000000000005,23955294398.968822
3131,0.5100000000000002,0.8000000000000005,23120541878.984394
3132,0.5200000000000002,0.8000000000000005,22272903761.04512
3133,0.5300000000000002,0.8000000000000005,21412862803.038937
3134,0.5400000000000003,0.8000000000000005,20540997451.924374
3135,0.5500000000000003,0.8000000000000005,19657992409.59969
3136,0.5600000000000003,0.8000000000000005,18764650235.49903
3137,0.5700000000000003,0.8000000000000005,17861904083.959297
3138,0.5800000000000003,0.8000000000000005,16950831683.531837
3139,0.5900000000000003,0.8000000000000005,16032670675.381435
3140,0.6000000000000003,0.8000000000000005,15108835438.799093
3141,0.6100000000000003,0.8000000000000005,14180935543.736568
3142,0.6200000000000003,0.8000000000000005,13250795983.238045
3143,0.6300000000000003,0.8000000000000005,12320479352.79597
3144,0.6400000000000003,0.8000000000000005,11392310159.098173
3145,0.6500000000000004,0.8000000000000005,10468901457.477043
3146,0.6600000000000004,0.8000000000000005,9553184035.74144
3147,0.6700000000000004,0.8000000000000005,8648438382.104364
3148,0.6800000000000004,0.8000000000000005,7758329696.756268
3149,0.6900000000000004,0.8000000000000005,6886946230.436834
3150,0.7000000000000004,0.8000000000000005,6038841259.2925005
3151,0.7100000000000004,0.8000000000000005,5219079033.560788
3152,0.7200000000000004,0.8000000000000005,4433285068.39075
3153,0.7300000000000004,0.8000000000000005,3687701178.6081934
3154,0.7400000000000004,0.8000000000000005,2989245695.6934013
3155,0.7500000000000004,0.8000000000000005,2345579344.9074364
3156,0.7600000000000005,0.8000000000000005,1765177303.6473618
3157,0.7700000000000005,0.8000000000000005,1257408009.0180976
3158,0.7800000000000005,0.8000000000000005,832619333.5865264
3159,0.7900000000000005,0.8000000000000005,502232803.66270036
3160,0.01,0.8100000000000005,49854144067.549736
3161,0.02,0.8100000000000005,49567728531.30524
3162,0.03,0.8100000000000005,49274908366.61281
3163,0.04,0.8100000000000005,48975532889.30287
3164,0.05,0.8100000000000005,48669447279.05031
3165,0.060000000000000005,0.8100000000000005,48356492535.65581
3166,0.07,0.8100000000000005,48036505441.76972
3167,0.08,0.8100000000000005,47709318533.026566
3168,0.09,0.8100000000000005,47374760076.659966
3169,0.09999999999999999,0.8100000000000005,47032654059.77942
3170,0.10999999999999999,0.8100000000000005,46682820188.612564
3171,0.11999999999999998,0.8100000000000005,46325073900.150375
3172,0.12999999999999998,0.8100000000000005,45959226387.77979
3173,0.13999999999999999,0.8100000000000005,45585084642.649284
3174,0.15,0.8100000000000005,45202451512.68878
3175,0.16,0.8100000000000005,44811125781.39898
3176,0.17,0.8100000000000005,44410902268.73636
3177,0.18000000000000002,0.8100000000000005,44001571956.65179
3178,0.19000000000000003,0.8100000000000005,43582922142.09474
3179,0.20000000000000004,0.8100000000000005,43154736620.572464
3180,0.21000000000000005,0.8100000000000005,42716795903.65781
3181,0.22000000000000006,0.8100000000000005,42268877474.17255
3182,0.23000000000000007,0.8100000000000005,41810756083.13691
3183,0.24000000000000007,0.8100000000000005,41342204092.975815
3184,0.25000000000000006,0.8100000000000005,40862991871.90811
3185,0.26000000000000006,0.8100000000000005,40372888244.92345
3186,0.2700000000000001,0.8100000000000005,39871661007.27414
3187,0.2800000000000001,0.8100000000000005,39359077506.98165
3188,0.2900000000000001,0.8100000000000005,38834905303.48339
3189,0.3000000000000001,0.8100000000000005,38298912910.23053
3190,0.3100000000000001,0.8100000000000005,37750870629.79712
3191,0.3200000000000001,0.8100000000000005,37190551490.88083
3192,0.3300000000000001,0.8100000000000005,36617732297.47237
3193,0.34000000000000014,0.8100000000000005,36032194801.4523
3194,0.35000000000000014,0.8100000000000005,35433727010.947205
3195,0.36000000000000015,0.8100000000000005,34822124647.95116
3196,0.37000000000000016,0.8100000000000005,34197192770.002945
3197,0.38000000000000017,0.8100000000000005,33558747572.11373
3198,0.3900000000000002,0.8100000000000005,32906618386.67646
3199,0.4000000000000002,0.8100000000000005,32240649900.76773
3200,0.4100000000000002,0.8100000000000005,31560704612.090515
3201,0.4200000000000002,0.8100000000000005,30866665546.814713
3202,0.4300000000000002,0.8100000000000005,30158439264.769794
3203,0.4400000000000002,0.8100000000000005,29435959179.844757
3204,0.45000000000000023,0.8100000000000005,28699189226.078053
3205,0.46000000000000024,0.8100000000000005,27948127902.789993
3206,0.47000000000000025,0.8100000000000005,27182812735.249672
3207,0.48000000000000026,0.8100000000000005,26403325190.79918
3208,0.49000000000000027,0.8100000000000005,25609796094.108322
3209,0.5000000000000002,0.8100000000000005,24802411589.332123
3210,0.5100000000000002,0.8100000000000005,23981419701.423615
3211,0.5200000000000002,0.8100000000000005,23147137553.749794
3212,0.5300000000000002,0.8100000000000005,22299959304.508713
3213,0.5400000000000003,0.8100000000000005,21440364870.290718
3214,0.5500000000000003,0.8100000000000005,20568929511.5129
3215,0.5600000000000003,0.8100000000000005,19686334361.43199
3216,0.5700000000000003,0.8100000000000005,18793377988.060524
3217,0.5800000000000003,0.8100000000000005,17890989086.633743
3218,0.5900000000000003,0.8100000000000005,16980240409.361698
3219,0.6000000000000003,0.8100000000000005,16062364049.124495
3220,0.6100000000000003,0.8100000000000005,15138768204.601124
3221,0.6200000000000003,0.8100000000000005,14211055566.146883
3222,0.6300000000000003,0.8100000000000005,13281043474.639875
3223,0.6400000000000003,0.8100000000000005,12350786019.598791
3224,0.6500000000000004,0.8100000000000005,11422598258.23785
3225,0.6600000000000004,0.8100000000000005,10499082753.883446
3226,0.6700000000000004,0.8100000000000005,9583158650.452517
3227,0.6800000000000004,0.8100000000000005,8678093519.621218
3228,0.6900000000000004,0.8100000000000005,7787538239.033407
3229,0.7000000000000004,0.8100000000000005,6915565183.573683
3230,0.7100000000000004,0.8100000000000005,6066710037.522517
3231,0.7200000000000004,0.8100000000000005,5246017563.507366
3232,0.7300000000000004,0.8100000000000005,4459091694.75869
3233,0.7400000000000004,0.8100000000000005,3712150350.485395
3234,0.7500000000000004,0.8100000000000005,3012085410.4303665
3235,0.7600000000000005,0.8100000000000005,2366528324.098086
3236,0.7700000000000005,0.8100000000000005,1783921873.0282516
3237,0.7800000000000005,0.8100000000000005,1273598651.1058812
3238,0.7900000000000005,0.8100000000000005,845866878.5542824
3239,0.8000000000000005,0.8100000000000005,512104220.27913857
3240,0.01,0.8200000000000005,50142506544.85038
3241,0.02,0.8200000000000005,49862538209.748726
3242,0.03,0.8200000000000005,49576316512.13676
3243,0.04,0.8200000000000005,49283694995.96734
3244,0.05,0.8200000000000005,48984523121.00005
3245,0.060000000000000005,0.8200000000000005,48678646213.41761
3246,0.07,0.8200000000000005,48365905421.98641
3247,0.08,0.8200000000000005,48046137680.63407
3248,0.09,0.8200000000000005,47719175678.40921
3249,0.09999999999999999,0.8200000000000005,47384847837.88982
3250,0.10999999999999999,0.8200000000000005,47042978303.21824
3251,0.11999999999999998,0.8200000000000005,46693386939.06204
3252,0.12999999999999998,0.8200000000000005,46335889341.934326
3253,0.13999999999999999,0.8200000000000005,45970296865.45271
3254,0.15,0.8200000000000005,45596416661.277176
3255,0.16,0.8200000000000005,45214051737.642624
3256,0.17,0.8200000000000005,44823001037.59412
3257,0.18000000000000002,0.8200000000000005,44423059539.24451
3258,0.19000000000000003,0.8200000000000005,44014018380.60392
3259,0.20000000000000004,0.8200000000000005,43595665011.78485
3260,0.21000000000000005,0.8200000000000005,43167783377.66213
3261,0.22000000000000006,0.8200000000000005,42730154134.371376
3262,0.23000000000000007,0.8200000000000005,42282554903.36059
3263,0.24000000000000007,0.8200000000000005,41824760567.07329
3264,0.25000000000000006,0.8200000000000005,41356543610.73897
3265,0.26000000000000006,0.8200000000000005,40877674515.18196
3266,0.2700000000000001,0.8200000000000005,40387922206.035965
3267,0.2800000000000001,0.8200000000000005,39887054565.27274
3268,0.2900000000000001,0.8200000000000005,39374839011.52359
3269,0.3000000000000001,0.8200000000000005,38851043156.29641
3270,0.3100000000000001,0.8200000000000005,38315435543.87369
3271,0.3200000000000001,0.8200000000000005,37767786483.42377
3272,0.3300000000000001,0.8200000000000005,37207868982.674805
3273,0.34000000000000014,0.8200000000000005,36635459793.39487
3274,0.35000000000000014,0.8200000000000005,36050340579.89911
3275,0.36000000000000015,0.8200000000000005,35452299222.87509
3276,0.37000000000000016,0.8200000000000005,34841131271.98673
3277,0.38000000000000017,0.8200000000000005,34216641561.99704
3278,0.3900000000000002,0.8200000000000005,33578646008.5496
3279,0.4000000000000002,0.8200000000000005,32926973601.278778
3280,0.4100000000000002,0.8200000000000005,32261468613.592636
3281,0.4200000000000002,0.8200000000000005,31581993050.302834
3282,0.4300000000000002,0.8200000000000005,30888429356.277077
3283,0.4400000000000002,0.8200000000000005,30180683411.47801
3284,0.45000000000000023,0.8200000000000005,29458687840.14527
3285,0.46000000000000024,0.8200000000000005,28722405664.493065
3286,0.47000000000000025,0.8200000000000005,27971834336.155674
3287,0.48000000000000026,0.8200000000000005,27207010181.73932
3288,0.49000000000000027,0.8200000000000005,26428013302.256237
3289,0.5000000000000002,0.8200000000000005,25634972969.95185
3290,0.5100000000000002,0.8200000000000005,24828073570.11824
3291,0.5200000000000002,0.8200000000000005,24007561139.94867
3292,0.5300000000000002,0.8200000000000005,23173750561.362602
3293,0.5400000000000003,0.8200000000000005,22327033470.05832
3294,0.5500000000000003,0.8200000000000005,21467886948.8697
3295,0.5600000000000003,0.8200000000000005,20596883079.86248
3296,0.5700000000000003,0.8200000000000005,19714699436.55001
3297,0.5800000000000003,0.8200000000000005,18822130605.19506
3298,0.5900000000000003,0.8200000000000005,17920100832.448044
3299,0.6000000000000003,0.8200000000000005,17009677905.618538
3300,0.6100000000000003,0.8200000000000005,16092088381.753553
3301,0.6200000000000003,0.8200000000000005,15168734292.477783
3302,0.6300000000000003,0.8200000000000005,14241211463.319336
3303,0.6400000000000003,0.8200000000000005,13311329599.08699
3304,0.6500000000000004,0.8200000000000005,12381134300.877998
3305,0.6600000000000004,0.8200000000000005,11452931195.582514
3306,0.6700000000000004,0.8200000000000005,10529312375.423862
3307,0.6800000000000004,0.8200000000000005,9613185363.256657
3308,0.6900000000000004,0.8200000000000005,8707804839.167782
3309,0.7000000000000004,0.8200000000000005,7816807385.532509
3310,0.7100000000000004,0.8200000000000005,6944249531.224129
3311,0.7200000000000004,0.8200000000000005,6094649401.328033
3312,0.7300000000000004,0.8200000000000005,5273032306.650143
3313,0.7400000000000004,0.8200000000000005,4484980637.731183
3314,0.7500000000000004,0.8200000000000005,3736688461.1918697
3315,0.7600000000000005,0.8200000000000005,3035021252.2666364
3316,0.7700000000000005,0.8200000000000005,2387581236.5790415
3317,0.7800000000000005,0.8200000000000005,1802778856.8321474
3318,0.7900000000000005,0.8200000000000005,1289910926.4136224
3319,0.8000000000000005,0.8200000000000005,859246082.2501082
3320,0.8100000000000005,0.8200000000000005,522118203.9110788
3321,0.01,0.8300000000000005,50424384465.33818
3322,0.02,0.8300000000000005,50150711748.88429
3323,0.03,0.8300000000000005,49870932628.018
3324,0.04,0.8300000000000005,49584904815.39934
3325,0.05,0.8300000000000005,49292481996.39937
3326,0.060000000000000005,0.8300000000000005,48993513774.88421
3327,0.07,0.8300000000000005,48687845623.73433
3328,0.08,0.8300000000000005,48375318840.88527
3329,0.09,0.8300000000000005,48055770511.75992
3330,0.09999999999999999,0.8300000000000005,47729033479.054596
3331,0.10999999999999999,0.8300000000000005,47394936320.94209
3332,0.11999999999999998,0.8300000000000005,47053303338.86612
3333,0.12999999999999998,0.8300000000000005,46703954556.22229
3334,0.13999999999999999,0.8300000000000005,46346705729.354904
3335,0.15,0.8300000000000005,45981368372.443954
3336,0.16,0.8300000000000005,45607749798.01709
3337,0.17,0.8300000000000005,45225653174.99654
3338,0.18000000000000002,0.8300000000000005,44834877606.38249
3339,0.19000000000000003,0.8300000000000005,44435218228.885376
3340,0.20000000000000004,0.8300000000000005,44026466337.04882
3341,0.21000000000000005,0.8300000000000005,43608409534.65797
3342,0.22000000000000006,0.8300000000000005,43180831916.50328
3343,0.23000000000000007,0.8300000000000005,42743514283.87244
3344,0.24000000000000007,0.8300000000000005,42296234397.47367
3345,0.25000000000000006,0.8300000000000005,41838767271.85585
3346,0.26000000000000006,0.8300000000000005,41370885515.78714
3347,0.2700000000000001,0.8300000000000005,40892359723.487564
3348,0.2800000000000001,0.8300000000000005,40402958922.08582
3349,0.2900000000000001,0.8300000000000005,39902451081.18955
3350,0.3000000000000001,0.8300000000000005,39390603691.02717
3351,0.3100000000000001,0.8300000000000005,38867184416.240944
3352,0.3200000000000001,0.8300000000000005,38331961833.09141
3353,0.3300000000000001,0.8300000000000005,37784706258.577484
3354,0.34000000000000014,0.8300000000000005,37225190680.79108
3355,0.35000000000000014,0.8300000000000005,36653191800.71573
3356,0.36000000000000015,0.8300000000000005,36068491196.65292
3357,0.37000000000000016,0.8300000000000005,35470876623.52598
3358,0.38000000000000017,0.8300000000000005,34860143460.47661
3359,0.3900000000000002,0.8300000000000005,34236096321.444496
3360,0.4000000000000002,0.8300000000000005,33598550844.814503
3361,0.4100000000000002,0.8300000000000005,32947335679.741035
3362,0.4200000000000002,0.8300000000000005,32282294688.4263
3363,0.4300000000000002,0.8300000000000005,31603289385.453075
3364,0.4400000000000002,0.8300000000000005,30910201637.26599
3365,0.45000000000000023,0.8300000000000005,30202936647.07553
3366,0.46000000000000024,0.8300000000000005,29481426252.84211
3367,0.47000000000000025,0.8300000000000005,28745632568.60376
3368,0.48000000000000026,0.8300000000000005,27995552002.25869
3369,0.49000000000000027,0.8300000000000005,27231219686.028587
3370,0.5000000000000002,0.8300000000000005,26452714359.23136
3371,0.5100000000000002,0.8300000000000005,25660163746.712334
3372,0.5200000000000002,0.8300000000000005,24853750480.34822
3373,0.5300000000000002,0.8300000000000005,24033718615.481003
3374,0.5400000000000003,0.8300000000000005,23200380798.993576
3375,0.5500000000000003,0.8300000000000005,22354126151.043045
3376,0.5600000000000003,0.8300000000000005,21495428928.26286
3377,0.5700000000000003,0.8300000000000005,20624858042.57527
3378,0.5800000000000003,0.8300000000000005,19743087516.66996
3379,0.5900000000000003,0.8300000000000005,18850907964.75702
3380,0.6000000000000003,0.8300000000000005,17949239195.44895
3381,0.6100000000000003,0.8300000000000005,17039144042.630966
3382,0.6200000000000003,0.8300000000000005,16121843540.00977
3383,0.6300000000000003,0.8300000000000005,15198733565.761642
3384,0.6400000000000003,0.8300000000000005,14271403095.412563
3385,0.6500000000000004,0.8300000000000005,13341654213.863438
3386,0.6600000000000004,0.8300000000000005,12411524051.41735
3387,0.6700000000000004,0.8300000000000005,11483308823.876091
3388,0.6800000000000004,0.8300000000000005,10559590173.362274
3389,0.6900000000000004,0.8300000000000005,9643264024.611712
3390,0.7000000000000004,0.8300000000000005,8737572191.200514
3391,0.7100000000000004,0.8300000000000005,7846136987.66317
3392,0.7200000000000004,0.8300000000000005,6972999126.876849
3393,0.7300000000000004,0.8300000000000005,6122659207.5986
3394,0.7400000000000004,0.8300000000000005,5300123124.824659
3395,0.7500000000000004,0.8300000000000005,4510951765.889637
3396,0.7600000000000005,0.8300000000000005,3761315388.144825
3397,0.7700000000000005,0.8300000000000005,3058053109.875242
3398,0.7800000000000005,0.8300000000000005,2408737985.0745516
3399,0.7900000000000005,0.8300000000000005,1821748175.0563478
3400,0.8000000000000005,0.8300000000000005,1306344775.9177256
3401,0.8100000000000005,0.8300000000000005,872756910.8850873
3402,0.8200000000000005,0.8300000000000005,532274750.88298434
3403,0.01,0.8400000000000005,50699929469.45212
3404,0.02,0.8400000000000005,50432405165.00696
3405,0.03,0.8400000000000005,50158917172.518394
3406,0.04,0.8400000000000005,49879327309.6667
3407,0.05,0.8400000000000005,49593493427.91884
3408,0.060000000000000005,0.8400000000000005,49301269354.22876
3409,0.07,0.8400000000000005,49002504836.74546
3410,0.08,0.8400000000000005,48697045495.23593
3411,0.09,0.8400000000000005,48384732777.00716
3412,0.09999999999999999,0.8400000000000005,48065403919.193985
3413,0.10999999999999999,0.8400000000000005,47738891918.37271
3414,0.11999999999999998,0.8400000000000005,47405025508.56009
3415,0.12999999999999998,0.8400000000000005,47063629148.768265
3416,0.13999999999999999,0.8400000000000005,46714523021.4075
3417,0.15,0.8400000000000005,46357523042.96085
3418,0.16,0.8400000000000005,45992440888.50076
3419,0.17,0.8400000000000005,45619084031.77697
3420,0.18000000000000002,0.8400000000000005,45237255802.77965
3421,0.19000000000000003,0.8400000000000005,44846755464.87301
3422,0.20000000000000004,0.8400000000000005,44447378313.804405
3423,0.21000000000000005,0.8400000000000005,44038915801.12314
3424,0.22000000000000006,0.8400000000000005,43621155684.79466
3425,0.23000000000000007,0.8400000000000005,43193882210.07088
3426,0.24000000000000007,0.8400000000000005,42756876323.97868
3427,0.25000000000000006,0.8400000000000005,42309915927.11816
3428,0.26000000000000006,0.8400000000000005,41852776166.823265
3429,0.2700000000000001,0.8400000000000005,41385229776.132416
3430,0.2800000000000001,0.8400000000000005,40907047463.449165
3431,0.2900000000000001,0.8400000000000005,40417998358.24545
3432,0.3000000000000001,0.8400000000000005,39917850518.6786
3433,0.3100000000000001,0.8400000000000005,39406371507.55872
3434,0.3200000000000001,0.8400000000000005,38883329043.723625
3435,0.3300000000000001,0.8400000000000005,38348491736.555786
3436,0.34000000000000014,0.8400000000000005,37801629912.11818
3437,0.35000000000000014,0.8400000000000005,37242516540.196915
3438,0.36000000000000015,0.8400000000000005,36670928272.4263
3439,0.37000000000000016,0.8400000000000005,36086646602.64317
3440,0.38000000000000017,0.8400000000000005,35489459161.67859
3441,0.3900000000000002,0.8400000000000005,34879161159.95742
3442,0.4000000000000002,0.8400000000000005,34255556992.545853
3443,0.4100000000000002,0.8400000000000005,33618462022.6766
3444,0.4200000000000002,0.8400000000000005,32967704561.300507
3445,0.4300000000000002,0.8400000000000005,32303128061.874695
3446,0.4400000000000002,0.8400000000000005,31624593551.413868
3447,0.45000000000000023,0.8400000000000005,30931982320.81756
3448,0.46000000000000024,0.8400000000000005,30225198899.657845
3449,0.47000000000000025,0.8400000000000005,29504174342.986015
3450,0.48000000000000026,0.8400000000000005,28768869860.312347
3451,0.49000000000000027,0.8400000000000005,28019280819.750237
3452,0.5000000000000002,0.8400000000000005,27255441163.417366
3453,0.5100000000000002,0.8400000000000005,26477428273.576096
3454,0.5200000000000002,0.8400000000000005,25685368332.70047
3455,0.5300000000000002,0.8400000000000005,24879442224.705353
3456,0.5400000000000003,0.8400000000000005,24059892028.99774
3457,0.5500000000000003,0.8400000000000005,23227028163.84452
3458,0.5600000000000003,0.8400000000000005,22381237240.832207
3459,0.5700000000000003,0.8400000000000005,21522990697.96444
3460,0.5800000000000003,0.8400000000000005,20652854285.245476
3461,0.5900000000000003,0.8400000000000005,19771498483.482082
3462,0.6000000000000003,0.8400000000000005,18879709944.55385
3463,0.6100000000000003,0.8400000000000005,17978404049.611835
3464,0.6200000000000003,0.8400000000000005,17068638690.627787
3465,0.6300000000000003,0.8400000000000005,16151629390.501606
3466,0.6400000000000003,0.8400000000000005,15228765887.614481
3467,0.6500000000000004,0.8400000000000005,14301630322.370502
3468,0.6600000000000004,0.8400000000000005,13372017175.988184
3469,0.6700000000000004,0.8400000000000005,12441955125.677528
3470,0.6800000000000004,0.8400000000000005,11513730995.473038
3471,0.6900000000000004,0.8400000000000005,10589915998.497004
3472,0.7000000000000004,0.8400000000000005,9673394484.42284
3473,0.7100000000000004,0.8400000000000005,8767395425.523722
3474,0.7200000000000004,0.8400000000000005,7875526896.069306
3475,0.7300000000000004,0.8400000000000005,7001813823.125355
3476,0.7400000000000004,0.8400000000000005,6150739312.180939
3477,0.7500000000000004,0.8400000000000005,5327289878.655531
3478,0.7600000000000005,0.8400000000000005,4537004946.413106
3479,0.7700000000000005,0.8400000000000005,3786031007.1413565
3480,0.7800000000000005,0.8400000000000005,3081180870.0614862
3481,0.7900000000000005,0.8400000000000005,2429998470.1595893
3482,0.8000000000000005,0.8400000000000005,1840829745.2289386
3483,0.8100000000000005,0.8400000000000005,1322900137.7619534
3484,0.8200000000000005,0.8400000000000005,886399327.4248376
3485,0.8300000000000005,0.8400000000000005,542573853.8050444
3486,0.01,0.8500000000000005,50969288764.91257
3487,0.02,0.8500000000000005,50707769969.61187
3488,0.03,0.8500000000000005,50440426030.66976
3489,0.04,0.8500000000000005,50167122803.54123
3490,0.05,0.8500000000000005,49887722242.02254
3491,0.060000000000000005,0.8500000000000005,49602082336.54051
3492,0.07,0.8500000000000005,49310057055.795685
3493,0.08,0.8500000000000005,49011496292.395065
3494,0.09,0.8500000000000005,48706245813.17998
3495,0.09999999999999999,0.8500000000000005,48394147215.02979
3496,0.10999999999999999,0.8500000000000005,48075037887.00689
3497,0.11999999999999998,0.8500000000000005,47748750979.79855
3498,0.12999999999999998,0.8500000000000005,47415115383.51315
3499,0.13999999999999999,0.8500000000000005,47073955714.99704
3500,0.15,0.8500000000000005,46725092315.960205
3501,0.16,0.8500000000000005,46368341263.33042
3502,0.17,0.8500000000000005,46003514393.40107
3503,0.18000000000000002,0.8500000000000005,45630419341.496735
3504,0.19000000000000003,0.8500000000000005,45248859599.05437
3505,0.20000000000000004,0.8500000000000005,44858634590.20924
3506,0.21000000000000005,0.8500000000000005,44459539770.18309
3507,0.22000000000000006,0.8500000000000005,44051366748.00106
3508,0.23000000000000007,0.8500000000000005,43633903436.31448
3509,0.24000000000000007,0.8500000000000005,43206934231.38045
3510,0.25000000000000006,0.8500000000000005,42770240226.5499
3511,0.26000000000000006,0.8500000000000005,42323599462.94415
3512,0.2700000000000001,0.8500000000000005,41866787221.359566
3513,0.2800000000000001,0.8500000000000005,41399576359.83406
3514,0.2900000000000001,0.8500000000000005,40921737701.73983
3515,0.3000000000000001,0.8500000000000005,40433040479.73782
3516,0.3100000000000001,0.8500000000000005,39933252841.44618
3517,0.3200000000000001,0.8500000000000005,39422142423.23863
3518,0.3300000000000001,0.8500000000000005,38899476999.20687
3519,0.34000000000000014,0.8500000000000005,38365025212.996445
3520,0.35000000000000014,0.8500000000000005,37818557400.965065
3521,0.36000000000000015,0.8500000000000005,37259846515.92056
3522,0.37000000000000016,0.8500000000000005,36688669161.58065
3523,0.38000000000000017,0.8500000000000005,36104806748.86358
3524,0.3900000000000002,0.8500000000000005,35508046786.17745
3525,0.4000000000000002,0.8500000000000005,34898184317.03297
3526,0.4100000000000002,0.8500000000000005,34275023519.57012
3527,0.4200000000000002,0.8500000000000005,33638379483.973587
3528,0.4300000000000002,0.8500000000000005,32988080185.26488
3529,0.4400000000000002,0.8500000000000005,32323968670.614845
3530,0.45000000000000023,0.8500000000000005,31645905482.129234
3531,0.46000000000000024,0.8500000000000005,30953771338.039177
3532,0.47000000000000025,0.8500000000000005,30247470097.39135
3533,0.48000000000000026,0.8500000000000005,29526932035.697647
3534,0.49000000000000027,0.8500000000000005,28792117461.58947
3535,0.5000000000000002,0.8500000000000005,28043020707.347828
3536,0.5100000000000002,0.8500000000000005,27279674529.26889
3537,0.5200000000000002,0.8500000000000005,26502154957.20148
3538,0.5300000000000002,0.8500000000000005,25710586636.28159
3539,0.5400000000000003,0.8500000000000005,24905148707.92154
3540,0.5500000000000003,0.8500000000000005,24086081281.51716
3541,0.5600000000000003,0.8500000000000005,23253692553.149406
3542,0.5700000000000003,0.8500000000000005,22408366632.816532
3543,0.5800000000000003,0.8500000000000005,21550572147.477272
3544,0.5900000000000003,0.8500000000000005,20680871693.46077
3545,0.6000000000000003,0.8500000000000005,19799932218.65227
3546,0.6100000000000003,0.8500000000000005,18908536422.3478
3547,0.6200000000000003,0.8500000000000005,18007595268.84256
3548,0.6300000000000003,0.8500000000000005,17098161719.740026
3549,0.6400000000000003,0.8500000000000005,16181445799.707024
3550,0.6500000000000004,0.8500000000000005,15258831121.029736
3551,0.6600000000000004,0.8500000000000005,14331893003.925182
3552,0.6700000000000004,0.8500000000000005,13402418342.218063
3553,0.6800000000000004,0.8500000000000005,12472427377.79943
3554,0.6900000000000004,0.8500000000000005,11544197562.341805
3555,0.7000000000000004,0.8500000000000005,10620289701.164627
3556,0.7100000000000004,0.8500000000000005,9703576592.04676
3557,0.7200000000000004,0.8500000000000005,8797274391.294113
3558,0.7300000000000004,0.8500000000000005,7904976960.634109
3559,0.7400000000000004,0.8500000000000005,7030693471.673336
3560,0.7500000000000004,0.8500000000000005,6178889569.884861
3561,0.7600000000000005,0.8500000000000005,5354532427.562833
3562,0.7700000000000005,0.8500000000000005,4563140045.0854
3563,0.7800000000000005,0.8500000000000005,3810835192.366211
3564,0.7900000000000005,0.8500000000000005,3104404417.77139
3565,0.8000000000000005,0.8500000000000005,2451362590.269164
3566,0.8100000000000005,0.8500000000000005,1860023482.4190526
3567,0.8200000000000005,0.8500000000000005,1339576947.2686076
3568,0.8300000000000005,0.8500000000000005,900173291.6017438
3569,0.8400000000000005,0.8500000000000005,553015501.5866046
3570,0.01,0.8600000000000005,51232605204.080765
3571,0.02,0.8600000000000005,50976953243.67516
3572,0.03,0.8600000000000005,50715610584.81731
3573,0.04,0.8600000000000005,50448447050.57241
3574,0.05,0.8600000000000005,50175328629.75918
3575,0.060000000000000005,0.8600000000000005,49896117412.431854
3576,0.07,0.8600000000000005,49610671528.12904
3577,0.08,0.8600000000000005,49318845087.46049
3578,0.09,0.8600000000000005,49020488127.66545
3579,0.09999999999999999,0.8600000000000005,48715446562.84601
3580,0.10999999999999999,0.8600000000000005,48403562139.653946
3581,0.11999999999999998,0.8600000000000005,48084672399.293304
3582,0.12999999999999998,0.8600000000000005,47758610646.79212
3583,0.13999999999999999,0.8600000000000005,47425205928.596725
3584,0.15,0.8600000000000005,47084283019.652
3585,0.16,0.8600000000000005,46735662421.251236
3586,0.17,0.8600000000000005,46379160371.07136
3587,0.18000000000000002,0.8600000000000005,46014588866.95358
3588,0.19000000000000003,0.8600000000000005,45641755706.14832
3589,0.20000000000000004,0.8600000000000005,45260464541.916466
3590,0.21000000000000005,0.8600000000000005,44870514959.5695
3591,0.22000000000000006,0.8600000000000005,44471702574.23907
3592,0.23000000000000007,0.8600000000000005,44063819152.89439
3593,0.24000000000000007,0.8600000000000005,43646652763.37613
3594,0.25000000000000006,0.8600000000000005,43219987953.48814
3595,0.26000000000000006,0.8600000000000005,42783605963.48813
3596,0.2700000000000001,0.8600000000000005,42337284975.6456
3597,0.2800000000000001,0.8600000000000005,41880800404.89432
3598,0.2900000000000001,0.8600000000000005,41413925234.99845
3599,0.3000000000000001,0.8600000000000005,40936430405.0815
3600,0.3100000000000001,0.8600000000000005,40448085251.83653
3601,0.3200000000000001,0.8600000000000005,39948658013.25104
3602,0.3300000000000001,0.8600000000000005,39437916400.24149
3603,0.34000000000000014,0.8600000000000005,38915628243.20908
3604,0.35000000000000014,0.8600000000000005,38381562221.200775
3605,0.36000000000000015,0.8600000000000005,37835488682.09682
3606,0.37000000000000016,0.8600000000000005,37277180563.051575
3607,0.38000000000000017,0.8600000000000005,36706414421.29576
3608,0.3900000000000002,0.8600000000000005,36122971586.372406
3609,0.4000000000000002,0.8600000000000005,35526639445.93316
3610,0.4100000000000002,0.8600000000000005,34917212878.37454
3611,0.4200000000000002,0.8600000000000005,34294495846.85508
3612,0.4300000000000002,0.8600000000000005,33658303170.613045
3613,0.4400000000000002,0.8600000000000005,33008462491.01265
3614,0.45000000000000023,0.8600000000000005,32344816451.395214
3615,0.46000000000000024,0.8600000000000005,31667225111.614998
3616,0.47000000000000025,0.8600000000000005,30975568620.110096
3617,0.48000000000000026,0.8600000000000005,30269750168.51387
3618,0.49000000000000027,0.8600000000000005,29549699256.16822
3619,0.5000000000000002,0.8600000000000005,28815375294.47489
3620,0.5100000000000002,0.8600000000000005,28066771583.83587
3621,0.5200000000000002,0.8600000000000005,27303919699.01048
3622,0.5300000000000002,0.8600000000000005,26526894322.078903
3623,0.5400000000000003,0.8600000000000005,25735818565.876507
3624,0.5500000000000003,0.8600000000000005,24930869834.778202
3625,0.5600000000000003,0.8600000000000005,24112286274.099735
3626,0.5700000000000003,0.8600000000000005,23280373864.175537
3627,0.5800000000000003,0.8600000000000005,22435514220.409416
3628,0.5900000000000003,0.8600000000000005,21578173166.314182
3629,0.6000000000000003,0.8600000000000005,20708910152.803722
3630,0.6100000000000003,0.8600000000000005,19828388603.82372
3631,0.6200000000000003,0.8600000000000005,18937387275.857677
3632,0.6300000000000003,0.8600000000000005,18036812726.979416
3633,0.6400000000000003,0.8600000000000005,17127713000.003094
3634,0.6500000000000004,0.8600000000000005,16211292633.975712
3635,0.6600000000000004,0.8600000000000005,15288929128.834991
3636,0.6700000000000004,0.8600000000000005,14362190999.599346
3637,0.6800000000000004,0.8600000000000005,13432857569.050615
3638,0.6900000000000004,0.8600000000000005,12502940661.607256
3639,0.7000000000000004,0.8600000000000005,11574708376.068295
3640,0.7100000000000004,0.8600000000000005,10650711131.243681
3641,0.7200000000000004,0.8600000000000005,9733810196.29575
3642,0.7300000000000004,0.8600000000000005,8827208937.025326
3643,0.7400000000000004,0.8600000000000005,7934487030.484955
3644,0.7500000000000004,0.8600000000000005,7059637923.340139
3645,0.7600000000000005,0.8600000000000005,6207109834.489227
3646,0.7700000000000005,0.8600000000000005,5381850629.768694
3647,0.7800000000000005,0.8600000000000005,4589356926.302109
3648,0.7900000000000005,0.8600000000000005,3835727816.3995686
3649,0.8000000000000005,0.8600000000000005,3127723636.1002703
3650,0.8100000000000005,0.8600000000000005,2472830241.707676
3651,0.8200000000000005,0.8600000000000005,1879329299.247019
3652,0.8300000000000005,0.8600000000000005,1356375136.949713
3653,0.8400000000000005,0.8600000000000005,914078759.9272981
3654,0.8500000000000005,0.8600000000000005,563599679.4496989
3655,0.01,0.8700000000000006,51490017363.86969
3656,0.02,0.8700000000000006,51240097715.0945
3657,0.03,0.8700000000000006,50984617788.9998
3658,0.04,0.8700000000000006,50723451303.75035
3659,0.05,0.8700000000000006,50456468212.97783
3660,0.060000000000000005,0.8700000000000006,50183534638.99649
3661,0.07,0.8700000000000006,49904512808.2596
3662,0.08,0.8700000000000006,49619260989.56855
3663,0.09,0.8700000000000006,49327633435.60388
3664,0.09999999999999999,0.8700000000000006,49029480328.41017
3665,0.10999999999999999,0.8700000000000006,48724647729.53572
3666,0.11999999999999998,0.8700000000000006,48412977535.60337
3667,0.12999999999999998,0.8700000000000006,48094307440.171906
3668,0.13999999999999999,0.8700000000000006,47768470902.83847
3669,0.15,0.8700000000000006,47435297126.63238
3670,0.16,0.8700000000000006,47094611044.85991
3671,0.17,0.8700000000000006,46746233318.67981
3672,0.18000000000000002,0.8700000000000006,46389980346.82102
3673,0.19000000000000003,0.8700000000000006,46025664288.99783
3674,0.20000000000000004,0.8700000000000006,45653093104.73582
3675,0.21000000000000005,0.8700000000000006,45272070609.49513
3676,0.22000000000000006,0.8700000000000006,44882396550.166885
3677,0.23000000000000007,0.8700000000000006,44483866702.22618
3678,0.24000000000000007,0.8700000000000006,44076272991.05255
3679,0.25000000000000006,0.8700000000000006,43659403640.177444
3680,0.26000000000000006,0.8700000000000006,43233043349.49085
3681,0.2700000000000001,0.8700000000000006,42796973506.73766
3682,0.2800000000000001,0.8700000000000006,42350972435.96037
3683,0.2900000000000001,0.8700000000000006,41894815686.902695
3684,0.3000000000000001,0.8700000000000006,41428276369.779305
3685,0.3100000000000001,0.8700000000000006,40951125540.245155
3686,0.3200000000000001,0.8700000000000006,40463132639.86601
3687,0.3300000000000001,0.8700000000000006,39964065997.90447
3688,0.34000000000000014,0.8700000000000006,39453693400.796234
3689,0.35000000000000014,0.8700000000000006,38931782736.30483
3690,0.36000000000000015,0.8700000000000006,38398102720.014114
3691,0.37000000000000016,0.8700000000000006,37852423712.551895
3692,0.38000000000000017,0.8700000000000006,37294518636.74094
3693,0.3900000000000002,0.8700000000000006,36724164004.75176
3694,0.4000000000000002,0.8700000000000006,36141141066.292725
3695,0.4100000000000002,0.8700000000000006,35545237089.92268
3696,0.4200000000000002,0.8700000000000006,34936246790.72126
3697,0.4300000000000002,0.8700000000000006,34313973918.80761
3698,0.4400000000000002,0.8700000000000006,33678233024.572845
3699,0.45000000000000023,0.8700000000000006,33028851417.993507
3700,0.46000000000000024,0.8700000000000006,32365671341.03617
3701,0.47000000000000025,0.8700000000000006,31688552373.959305
3702,0.48000000000000026,0.8700000000000006,30997374098.28189
3703,0.49000000000000027,0.8700000000000006,30292039041.335194
3704,0.5000000000000002,0.8700000000000006,29572475929.660103
3705,0.5100000000000002,0.8700000000000006,28838643281.07804
3706,0.5200000000000002,0.8700000000000006,28090533368.066498
3707,0.5300000000000002,0.8700000000000006,27328176588.134285
3708,0.5400000000000003,0.8700000000000006,26551646280.240837
3709,0.5500000000000003,0.8700000000000006,25761064029.96248
3710,0.5600000000000003,0.8700000000000006,24956605510.10727
3711,0.5700000000000003,0.8700000000000006,24138506907.849228
3712,0.5800000000000003,0.8700000000000006,23307071994.224693
3713,0.5900000000000003,0.8700000000000006,22462679897.04814
3714,0.6000000000000003,0.8700000000000006,21605793643.9993
3715,0.6100000000000003,0.8700000000000006,20736969548.85337
3716,0.6200000000000003,0.8700000000000006,19856867520.618423
3717,0.6300000000000003,0.8700000000000006,18966262382.760597
3718,0.6400000000000003,0.8700000000000006,18066056297.794937
3719,0.6500000000000004,0.8700000000000006,17157292401.3587
3720,0.6600000000000004,0.8700000000000006,16241169759.53145
3721,0.6700000000000004,0.8700000000000006,15319059773.694437
3722,0.6800000000000004,0.8700000000000006,14392524168.709154
3723,0.6900000000000004,0.8700000000000006,13463334712.727116
3724,0.7000000000000004,0.8700000000000006,12533494830.611752
3725,0.7100000000000004,0.8700000000000006,11605263287.859402
3726,0.7200000000000004,0.8700000000000006,10681180138.158566
3727,0.7300000000000004,0.8700000000000006,9764095145.441978
3728,0.7400000000000004,0.8700000000000006,8857198910.592524
3729,0.7500000000000004,0.8700000000000006,7964056953.998481
3730,0.7600000000000005,0.8700000000000006,7088647028.066187
3731,0.7700000000000005,0.8700000000000006,6235399958.747847
3732,0.7800000000000005,0.8700000000000006,5409244342.303738
3733,0.7900000000000005,0.8700000000000006,4615655453.077848
3734,0.8000000000000005,0.8700000000000006,3860708750.224812
3735,0.8100000000000005,0.8700000000000006,3151138406.301216
3736,0.8200000000000005,0.8700000000000006,2494401318.658252
3737,0.8300000000000005,0.8700000000000006,1898747105.8947368
3738,0.8400000000000005,0.8700000000000006,1373294636.518386
3739,0.8500000000000005,0.8700000000000006,928115685.7045252
3740,0.8600000000000005,0.8700000000000006,574326368.9427267
3741,0.01,0.8800000000000006,51741659627.64568
3742,0.02,0.8800000000000006,51497341838.664375
3743,0.03,0.8800000000000006,51247590246.47054
3744,0.04,0.8800000000000006,50992282389.984375
3745,0.05,0.8800000000000006,50731292115.10937
3746,0.060000000000000005,0.8800000000000006,50464489506.16606
3747,0.07,0.8800000000000006,50191740819.09526
3748,0.08,0.8800000000000006,49912908416.889404
3749,0.09,0.8800000000000006,49627850707.76263
3750,0.09999999999999999,0.8800000000000006,49336422086.626854
3751,0.10999999999999999,0.8800000000000006,49038472880.504005
3752,0.11999999999999998,0.8800000000000006,48733849298.57289
3753,0.12999999999999998,0.8800000000000006,48422393387.62494
3754,0.13999999999999999,0.8800000000000006,48103942993.78541
3755,0.15,0.8800000000000006,47778331731.44773
3756,0.16,0.8800000000000006,47445388960.467834
3757,0.17,0.8800000000000006,47104939772.774826
3758,0.18000000000000002,0.8800000000000006,46756804989.67358
3759,0.19000000000000003,0.8800000000000006,46400801171.24639
3760,0.20000000000000004,0.8800000000000006,46036740639.4042
3761,0.21000000000000005,0.8800000000000006,45664431516.295425
3762,0.22000000000000006,0.8800000000000006,45283677779.953064
3763,0.23000000000000007,0.8800000000000006,44894279339.24935
3764,0.24000000000000007,0.8800000000000006,44496032130.43458
3765,0.25000000000000006,0.8800000000000006,44088728237.76279
3766,0.26000000000000006,0.8800000000000006,43672156040.955536
3767,0.2700000000000001,0.8800000000000006,43246100392.52629
3768,0.2800000000000001,0.8800000000000006,42810342828.28528
3769,0.2900000000000001,0.8800000000000006,42364661814.67041
3770,0.3000000000000001,0.8800000000000006,41908833036.90557
3771,0.3100000000000001,0.8800000000000006,41442629732.37776
3772,0.3200000000000001,0.8800000000000006,40965823074.05098
3773,0.3300000000000001,0.8800000000000006,40478182609.20159
3774,0.34000000000000014,0.8800000000000006,39979476759.270515
3775,0.35000000000000014,0.8800000000000006,39469473387.18633
3776,0.36000000000000015,0.8800000000000006,38947940439.12499
3777,0.37000000000000016,0.8800000000000006,38414646668.33993
3778,0.38000000000000017,0.8800000000000006,37869362449.428665
3779,0.3900000000000002,0.8800000000000006,37311860692.20132
3780,0.4000000000000002,0.8800000000000006,36741917865.19223
3781,0.4100000000000002,0.8800000000000006,36159315139.81266
3782,0.4200000000000002,0.8800000000000006,35563839667.18962
3783,0.4300000000000002,0.8800000000000006,34955286000.880356
3784,0.4400000000000002,0.8800000000000006,34333457679.904068
3785,0.45000000000000023,0.8800000000000006,33698168987.901443
3786,0.46000000000000024,0.8800000000000006,33049246905.72872
3787,0.47000000000000025,0.8800000000000006,32386533276.430405
3788,0.48000000000000026,0.8800000000000006,31709887203.323025
3789,0.49000000000000027,0.8800000000000006,31019187703.87903
3790,0.5000000000000002,0.8800000000000006,30314336644.237663
3791,0.5100000000000002,0.8800000000000006,29595261981.507362
3792,0.5200000000000002,0.8800000000000006,28861921343.57878
3793,0.5300000000000002,0.8800000000000006,28114305978.96018
3794,0.5400000000000003,0.8800000000000006,27352445112.19805
3795,0.5500000000000003,0.8800000000000006,26576410743.781723
3796,0.5600000000000003,0.8800000000000006,25786322937.073997
3797,0.5700000000000003,0.8800000000000006,24982355638.79212
3798,0.5800000000000003,0.8800000000000006,24164743083.913673
3799,0.5900000000000003,0.8800000000000006,23333786840.634247
3800,0.6000000000000003,0.8800000000000006,22489863556.19515
3801,0.6100000000000003,0.8800000000000006,21633433470.069412
3802,0.6200000000000003,0.8800000000000006,20765049767.186607
3803,0.6300000000000003,0.8800000000000006,19885368850.638916
3804,0.6400000000000003,0.8800000000000006,18995161620.693726
3805,0.6500000000000004,0.8800000000000006,18095325854.997917
3806,0.6600000000000004,0.8800000000000006,17186899793.657055
3807,0.6700000000000004,0.8800000000000006,16271077042.474245
3808,0.6800000000000004,0.8800000000000006,15349222918.111317
3809,0.6900000000000004,0.8800000000000006,14422892370.366844
3810,0.7000000000000004,0.8800000000000006,13493849629.235466
3811,0.7100000000000004,0.8800000000000006,12564089738.01344
3812,0.7200000000000004,0.8800000000000006,11635862148.54649
3813,0.7300000000000004,0.8800000000000006,10711696570.883282
3814,0.7400000000000004,0.8800000000000006,9794431287.221554
3815,0.7500000000000004,0.8800000000000006,8887244159.2369
3816,0.7600000000000005,0.8800000000000006,7993686578.805487
3817,0.7700000000000005,0.8800000000000006,7117720634.918417
3818,0.7800000000000005,0.8800000000000006,6263759794.395517
3819,0.7900000000000005,0.8800000000000006,5436713421.013672
3820,0.8000000000000005,0.8800000000000006,4642035487.05337
3821,0.8100000000000005,0.8800000000000006,3885777863.236479
3822,0.8200000000000005,0.8800000000000006,3174648607.7938385
3823,0.8300000000000005,0.8800000000000006,2516075713.1922965
3824,0.8400000000000005,0.8800000000000006,1918276810.1160603
3825,0.8500000000000005,0.8800000000000006,1390335372.9002438
3826,0.8600000000000005,0.8800000000000006,942284019.0405446
3827,0.8700000000000006,0.8800000000000006,585195547.9542582
3828,0.01,0.8900000000000006,51987662268.61928
3829,0.02,0.8900000000000006,51748819878.02659
3830,0.03,0.8900000000000006,51504666289.73608
3831,0.04,0.8900000000000006,51255082787.70352
3832,0.05,0.8900000000000006,50999947035.74255
3833,0.060000000000000005,0.8900000000000006,50739133007.60913
3834,0.07,0.8900000000000006,50472510918.43431
3835,0.08,0.8900000000000006,50199947157.915504
3836,0.09,0.8900000000000006,49921304225.72356
3837,0.09999999999999999,0.8900000000000006,49636440669.63434
3838,0.10999999999999999,0.8900000000000006,49345211026.95076
3839,0.11999999999999998,0.8900000000000006,49047465769.84297
3840,0.12999999999999998,0.8900000000000006,48743051255.30345
3841,0.13999999999999999,0.8900000000000006,48431809680.48859
3842,0.15,0.8900000000000006,48113579044.30066
3843,0.16,0.8900000000000006,47788193116.15519
3844,0.17,0.8900000000000006,47455481412.97703
3845,0.18000000000000002,0.8900000000000006,47115269185.57815
3846,0.19000000000000003,0.8900000000000006,46767377415.6887
3847,0.20000000000000004,0.8900000000000006,46411622825.04411
3848,0.21000000000000005,0.8900000000000006,46047817898.074
3849,0.22000000000000006,0.8900000000000006,45675770919.895584
3850,0.23000000000000007,0.8900000000000006,45295286031.48651
3851,0.24000000000000007,0.8900000000000006,44906163304.09981
3852,0.25000000000000006,0.8900000000000006,44508198835.19074
3853,0.26000000000000006,0.8900000000000006,44101184868.350105
3854,0.2700000000000001,0.8900000000000006,43684909939.98688
3855,0.2800000000000001,0.8900000000000006,43259159055.77303
3856,0.2900000000000001,0.8900000000000006,42823713900.1602
3857,0.3000000000000001,0.8900000000000006,42378353082.60179
3858,0.3100000000000001,0.8900000000000006,41922852424.469666
3859,0.3200000000000001,0.8900000000000006,41456985291.042496
3860,0.3300000000000001,0.8900000000000006,40980522973.368416
3861,0.34000000000000014,0.8900000000000006,40493235125.26972
3862,0.35000000000000014,0.8900000000000006,39994890261.266075
3863,0.36000000000000015,0.8900000000000006,39485256321.74997
3864,0.37000000000000016,0.8900000000000006,38964101312.356995
3865,0.38000000000000017,0.8900000000000006,38431194025.14006
3866,0.3900000000000002,0.8900000000000006,37886304849.885635
3867,0.4000000000000002,0.8900000000000006,37329206684.70735
3868,0.4100000000000002,0.8900000000000006,36759675955.92437
3869,0.4200000000000002,0.8900000000000006,36177493758.185684
3870,0.4300000000000002,0.8900000000000006,35582447126.84452
3871,0.4400000000000002,0.8900000000000006,34974330455.72743
3872,0.45000000000000023,0.8900000000000006,34352947074.69057
3873,0.46000000000000024,0.8900000000000006,33718111002.718292
3874,0.47000000000000025,0.8900000000000006,33069648893.811573
3875,0.48000000000000026,0.8900000000000006,32407402194.54334
3876,0.49000000000000027,0.8900000000000006,31731229533.940247
3877,0.5000000000000002,0.8900000000000006,31041009368.29924
3878,0.5100000000000002,0.8900000000000006,30336642905.67664
3879,0.5200000000000002,0.8900000000000006,29618057337.116367
3880,0.5300000000000002,0.8900000000000006,28885209404.227936
3881,0.5400000000000003,0.8900000000000006,28138089335.506428
3882,0.5500000000000003,0.8900000000000006,27376725186.82584
3883,0.5600000000000003,0.8900000000000006,26601187624.858734
3884,0.5700000000000003,0.8900000000000006,25811595195.80378
3885,0.5800000000000003,0.8900000000000006,25008120125.768585
3886,0.5900000000000003,0.8900000000000006,24190994703.486473
3887,0.6000000000000003,0.8900000000000006,23360518300.778305
3888,0.6100000000000003,0.8900000000000006,22517065091.339256
3889,0.6200000000000003,0.8900000000000006,21661092534.075325
3890,0.6300000000000003,0.8900000000000006,20793150693.37967
3891,0.6400000000000003,0.8900000000000006,19913892475.46975
3892,0.6500000000000004,0.8900000000000006,19024084867.25598
3893,0.6600000000000004,0.8900000000000006,18124621272.23522
3894,0.6700000000000004,0.8900000000000006,17216535046.65893
3895,0.6800000000000004,0.8900000000000006,16301014348.782688
3896,0.6900000000000004,0.8900000000000006,15379418424.4304
3897,0.7000000000000004,0.8900000000000006,14453295463.483496
3898,0.7100000000000004,0.8900000000000006,13524402174.313087
3899,0.7200000000000004,0.8900000000000006,12594725236.705761
3900,0.7300000000000004,0.8900000000000006,11666504808.588858
3901,0.7400000000000004,0.8900000000000006,10742260277.94534
3902,0.7500000000000004,0.8900000000000006,9824818468.838812
3903,0.7600000000000005,0.8900000000000006,8917344529.570305
3904,0.7700000000000005,0.8900000000000006,8023375751.796011
3905,0.7800000000000005,0.8900000000000006,7146858592.095838
3906,0.7900000000000005,0.8900000000000006,6292189192.154016
3907,0.8000000000000005,0.8900000000000006,5464257720.565875
3908,0.8100000000000005,0.8900000000000006,4668496888.502779
3909,0.8200000000000005,0.8900000000000006,3910935023.248115
3910,0.8300000000000005,0.8900000000000006,3198254118.1728487
3911,0.8400000000000005,0.8900000000000006,2537853315.278976
3912,0.8500000000000005,0.8900000000000006,1937918317.2472916
3913,0.8600000000000005,0.8900000000000006,1407497270.2449079
3914,0.8700000000000006,0.8900000000000006,956583706.8592162
3915,0.8800000000000006,0.8900000000000006,596207190.7269434
3916,0.01,0.9000000000000006,52228151534.27896
3917,0.02,0.9000000000000006,51994661989.096756
3918,0.03,0.9000000000000006,51755980062.55498
3919,0.04,0.9000000000000006,51511990706.95784
3920,0.05,0.9000000000000006,51262575328.30316
3921,0.060000000000000005,0.9000000000000006,51007611715.4037
3922,0.07,0.9000000000000006,50746973969.980835
3923,0.08,0.9000000000000006,50480532438.0969
3924,0.09,0.9000000000000006,50208153643.33515
3925,0.09999999999999999,0.9000000000000006,49929700222.183075
3926,0.10999999999999999,0.9000000000000006,49645030862.12633
3927,0.11999999999999998,0.9000000000000006,49354000243.0173
3928,0.12999999999999998,0.9000000000000006,49056458982.3443
3929,0.13999999999999999,0.9000000000000006,48752253585.09551
3930,0.15,0.9000000000000006,48441226398.9874
3931,0.16,0.9000000000000006,48123215575.908615
3932,0.17,0.9000000000000006,47798055040.52128
3933,0.18000000000000002,0.9000000000000006,47465574467.060135
3934,0.19000000000000003,0.9000000000000006,47125599265.47861
3935,0.20000000000000004,0.9000000000000006,46777950578.209816
3936,0.21000000000000005,0.9000000000000006,46422445288.940575
3937,0.22000000000000006,0.9000000000000006,46058896044.93953
3938,0.23000000000000007,0.9000000000000006,45687111294.63699
3939,0.24000000000000007,0.9000000000000006,45306895342.32529
3940,0.25000000000000006,0.9000000000000006,44918048422.03613
3941,0.26000000000000006,0.9000000000000006,44520366792.85759
3942,0.2700000000000001,0.9000000000000006,44113642858.177444
3943,0.2800000000000001,0.9000000000000006,43697665311.58732
3944,0.2900000000000001,0.9000000000000006,43272219312.45068
3945,0.3000000000000001,0.9000000000000006,42837086694.43427
3946,0.3100000000000001,0.9000000000000006,42392046210.62486
3947,0.3200000000000001,0.9000000000000006,41936873819.20766
3948,0.3300000000000001,0.9000000000000006,41471343014.0699
3949,0.34000000000000014,0.9000000000000006,40995225205.11639
3950,0.35000000000000014,0.9000000000000006,40508290153.54805
3951,0.36000000000000015,0.9000000000000006,40010306467.86109
3952,0.37000000000000016,0.9000000000000006,39501042166.88015
3953,0.38000000000000017,0.9000000000000006,38980265316.74495
3954,0.3900000000000002,0.9000000000000006,38447744749.43483
3955,0.4000000000000002,0.9000000000000006,37903250871.14165
3956,0.4100000000000002,0.9000000000000006,37346556569.59573
3957,0.4200000000000002,0.9000000000000006,36777438230.31928
3958,0.4300000000000002,0.9000000000000006,36195676872.730865
3959,0.4400000000000002,0.9000000000000006,35601059418.06508
3960,0.45000000000000023,0.9000000000000006,34993380102.206894
3961,0.46000000000000024,0.9000000000000006,34372442047.78337
3962,0.47000000000000025,0.9000000000000006,33738059011.214176
3963,0.48000000000000026,0.9000000000000006,33090057321.907677
3964,0.49000000000000027,0.9000000000000006,32428278032.413532
3965,0.5000000000000002,0.9000000000000006,31752579300.118736
3966,0.5100000000000002,0.9000000000000006,31062839023.014126
3967,0.5200000000000002,0.9000000000000006,30358957754.181114
3968,0.5300000000000002,0.9000000000000006,29640861921.96643
3969,0.5400000000000003,0.9000000000000006,28908507385.34798
3970,0.5500000000000003,0.9000000000000006,28161883356.76449
3971,0.5600000000000003,0.9000000000000006,27401016727.708836
3972,0.5700000000000003,0.9000000000000006,26625976835.69262
3973,0.5800000000000003,0.9000000000000006,25836880714.803543
3974,0.5900000000000003,0.9000000000000006,25033898876.02585
3975,0.6000000000000003,0.9000000000000006,24217261667.80741
3976,0.6100000000000003,0.9000000000000006,23387266272.068893
3977,0.6200000000000003,0.9000000000000006,22544284395.996902
3978,0.6300000000000003,0.9000000000000006,21688770725.583214
3979,0.6400000000000003,0.9000000000000006,20821272213.009617
3980,0.6500000000000004,0.9000000000000006,19942438276.679127
3981,0.6600000000000004,0.9000000000000006,19053032000.009842
3982,0.6700000000000004,0.9000000000000006,18153942423.09371
3983,0.6800000000000004,0.9000000000000006,17246198030.037663
3984,0.6900000000000004,0.9000000000000006,16330981544.316132
3985,0.7000000000000004,0.9000000000000006,15409646154.840427
3986,0.7100000000000004,0.9000000000000006,14483733306.771637
3987,0.7200000000000004,0.9000000000000006,13554992203.449968
3988,0.7300000000000004,0.9000000000000006,12625401179.27835
3989,0.7400000000000004,0.9000000000000006,11697191118.077309
3990,0.7500000000000004,0.9000000000000006,10772871107.429518
3991,0.7600000000000005,0.9000000000000006,9855256536.97042
3992,0.7700000000000005,0.9000000000000006,8947499867.579842
3993,0.7800000000000005,0.9000000000000006,8053124319.12431
3994,0.7900000000000005,0.9000000000000006,7176060746.934935
3995,0.8000000000000005,0.9000000000000006,6320688001.738114
3996,0.8100000000000005,0.9000000000000006,5491877094.455974
3997,0.8200000000000005,0.9000000000000006,4695039516.340815
3998,0.8300000000000005,0.9000000000000006,3936180096.500249
3999,0.8400000000000005,0.9000000000000006,3221954813.216889
4000,0.8500000000000005,0.9000000000000006,2559734012.7948403
4001,0.8600000000000005,0.9000000000000006,1957671530.2176204
4002,0.8700000000000006,0.9000000000000006,1424780249.9375799
4003,0.8800000000000006,0.9000000000000006,971014692.9138975
4004,0.8900000000000006,0.9000000000000006,607361267.8715672
4005,0.01,0.9100000000000006,52463249731.469894
4006,0.02,0.9100000000000006,52234994304.521194
4007,0.03,0.9100000000000006,52001661603.39902
4008,0.04,0.9100000000000006,51763140171.46475
4009,0.05,0.9100000000000006,51519315080.21714
4010,0.060000000000000005,0.9100000000000006,51270067857.79428
4011,0.07,0.9100000000000006,51015276418.11298
4012,0.08,0.9100000000000006,50754814990.97216
4013,0.09,0.9100000000000006,50488554053.4854
4014,0.09999999999999999,0.9100000000000006,50216360263.25007
4015,0.10999999999999999,0.9100000000000006,49938096393.707664
4016,0.11999999999999998,0.9100000000000006,49653621272.20069
4017,0.12999999999999998,0.9100000000000006,49362789721.288605
4018,0.13999999999999999,0.9100000000000006,49065452503.94653
4019,0.15,0.9100000000000006,48761456273.339355
4020,0.16,0.9100000000000006,48450643527.93763
4021,0.17,0.9100000000000006,48132852572.82441
4022,0.18000000000000002,0.9100000000000006,47807917488.13167
4023,0.19000000000000003,0.9100000000000006,47475668105.643585
4024,0.20000000000000004,0.9100000000000006,47135929994.712326
4025,0.21000000000000005,0.9100000000000006,46788524458.75016
4026,0.22000000000000006,0.9100000000000006,46433268543.69193
4027,0.23000000000000007,0.9100000000000006,46069975059.96411
4028,0.24000000000000007,0.9100000000000006,45698452619.65269
4029,0.25000000000000006,0.9100000000000006,45318505690.732925
4030,0.26000000000000006,0.9100000000000006,44929934670.411285
4031,0.2700000000000001,0.9100000000000006,44532535979.83454
4032,0.2800000000000001,0.9100000000000006,44126102182.64575
4033,0.2900000000000001,0.9100000000000006,43710422130.112274
4034,0.3000000000000001,0.9100000000000006,43285281135.81993
4035,0.3100000000000001,0.9100000000000006,42850461183.22208
4036,0.3200000000000001,0.9100000000000006,42405741169.6543
4037,0.3300000000000001,0.9100000000000006,41950897190.778244
4038,0.34000000000000014,0.9100000000000006,41485702869.8041
4039,0.35000000000000014,0.9100000000000006,41009929736.26335
4040,0.36000000000000015,0.9100000000000006,40523347659.56556
4041,0.37000000000000016,0.9100000000000006,40025725343.078674
4042,0.38000000000000017,0.9100000000000006,39516830885.02492
4043,0.3900000000000002,0.9100000000000006,38996432413.0898
4044,0.4000000000000002,0.9100000000000006,38464298800.3033
4045,0.4100000000000002,0.9100000000000006,37920200470.4761
4046,0.4200000000000002,0.9100000000000006,37363910302.26561
4047,0.4300000000000002,0.9100000000000006,36795204641.81221
4048,0.4400000000000002,0.9100000000000006,36213864434.833084
4049,0.45000000000000023,0.9100000000000006,35619676490.09658
4050,0.46000000000000024,0.9100000000000006,35012434887.33212
4051,0.47000000000000025,0.9100000000000006,34391942543.86913
4052,0.48000000000000026,0.9100000000000006,33758012955.651604
4053,0.49000000000000027,0.9100000000000006,33110472129.75541
4054,0.5000000000000002,0.9100000000000006,32449160727.15317
4055,0.5100000000000002,0.9100000000000006,31773936436.24034
4056,0.5200000000000002,0.9100000000000006,31084676599.569614
4057,0.5300000000000002,0.9100000000000006,30381281118.354187
4058,0.5400000000000003,0.9100000000000006,29663675661.61026
4059,0.5500000000000003,0.9100000000000006,28931815209.3336
4060,0.5600000000000003,0.9100000000000006,28185687961.86399
4061,0.5700000000000003,0.9100000000000006,27425319650.605995
4062,0.5800000000000003,0.9100000000000006,26650778288.568512
4063,0.5900000000000003,0.9100000000000006,25862179402.784973
4064,0.6000000000000003,0.9100000000000006,25059691794.60748
4065,0.6100000000000003,0.9100000000000006,24243543878.163723
4066,0.6200000000000003,0.9100000000000006,23414030651.956978
4067,0.6300000000000003,0.9100000000000006,22571521363.713356
4068,0.6400000000000003,0.9100000000000006,21716467934.17591
4069,0.6500000000000004,0.9100000000000006,20849414211.655777
4070,0.6600000000000004,0.9100000000000006,19971006135.820522
4071,0.6700000000000004,0.9100000000000006,19082002896.48304
4072,0.6800000000000004,0.9100000000000006,18183289181.102146
4073,0.6900000000000004,0.9100000000000006,17275888613.38125
4074,0.7000000000000004,0.9100000000000006,16360978494.81699
4075,0.7100000000000004,0.9100000000000006,15439905971.376612
4076,0.7200000000000004,0.9100000000000006,14514205758.747952
4077,0.7300000000000004,0.9100000000000006,13585619571.89148
4078,0.7400000000000004,0.9100000000000006,12656117418.020216
4079,0.7500000000000004,0.9100000000000006,11727920926.737621
4080,0.7600000000000005,0.9100000000000006,10803528906.981777
4081,0.7700000000000005,0.9100000000000006,9885745337.769663
4082,0.7800000000000005,0.9100000000000006,8977710018.632416
4083,0.7900000000000005,0.9100000000000006,8082932126.213954
4084,0.8000000000000005,0.9100000000000006,7205326945.915312
4085,0.8100000000000005,0.9100000000000006,6349256071.861658
4086,0.8200000000000005,0.9100000000000006,5519571395.014532
4087,0.8300000000000005,0.9100000000000006,4721663228.130131
4088,0.8400000000000005,0.9100000000000006,3961512947.6684103
4089,0.8500000000000005,0.9100000000000006,3245750566.8972187
4090,0.8600000000000005,0.9100000000000006,2581717691.533413
4091,0.8700000000000006,0.9100000000000006,1977536349.5599012
4092,0.8800000000000006,0.9100000000000006,1442184230.610734
4093,0.8900000000000006,0.9100000000000006,985576917.8002939
4094,0.9000000000000006,0.9100000000000006,618657746.3811852
4095,0.01,0.9200000000000006,52693075311.76491
4096,0.02,0.9200000000000006,52469939018.76849
4097,0.03,0.9200000000000006,52241836929.93288
4098,0.04,0.9200000000000006,52008661102.10416
4099,0.05,0.9200000000000006,51770300195.00365
4100,0.060000000000000005,0.9200000000000006,51526639399.41595
4101,0.07,0.9200000000000006,51277560365.716835
4102,0.08,0.9200000000000006,51022941133.03133
4103,0.09,0.9200000000000006,50762656059.34726
4104,0.09999999999999999,0.9200000000000006,50496575752.94852
4105,0.10999999999999999,0.9200000000000006,50224567005.574066
4106,0.11999999999999998,0.9200000000000006,49946492727.75582
4107,0.12999999999999998,0.9200000000000006,49662211886.83919
4108,0.13999999999999999,0.9200000000000006,49371579448.24716
4109,0.15,0.9200000000000006,49074446320.60951
4110,0.16,0.9200000000000006,48770659305.44754
4111,0.17,0.9200000000000006,48460061052.17872
4112,0.18000000000000002,0.9200000000000006,48142490019.28735
4113,0.19000000000000003,0.9200000000000006,47817780442.59721
4114,0.20000000000000004,0.9200000000000006,47485762311.68018
4115,0.21000000000000005,0.9200000000000006,47146261355.54292
4116,0.22000000000000006,0.9200000000000006,46799099038.85158
4117,0.23000000000000007,0.9200000000000006,46444092570.084175
4118,0.24000000000000007,0.9200000000000006,46081054923.14214
4119,0.25000000000000006,0.9200000000000006,45709794874.10806
4120,0.26000000000000006,0.9200000000000006,45330117055.00668
4121,0.2700000000000001,0.9200000000000006,44941822026.613335
4122,0.2800000000000001,0.9200000000000006,44544706372.55757
4123,0.2900000000000001,0.9200000000000006,44138562817.193985
4124,0.3000000000000001,0.9200000000000006,43723180369.95671
4125,0.3100000000000001,0.9200000000000006,43298344499.18262
4126,0.3200000000000001,0.9200000000000006,42863837338.68092
4127,0.3300000000000001,0.9200000000000006,42419437930.64925
4128,0.34000000000000014,0.9200000000000006,41964922508.8863
4129,0.35000000000000014,0.9200000000000006,41500064826.637184
4130,0.36000000000000015,0.9200000000000006,41024636533.82742
4131,0.37000000000000016,0.9200000000000006,40538407608.90279
4132,0.38000000000000017,0.9200000000000006,40041146850.995285
4133,0.3900000000000002,0.9200000000000006,39532622438.6875
4134,0.4000000000000002,0.9200000000000006,39012602562.24958
4135,0.4100000000000002,0.9200000000000006,38480856136.88341
4136,0.4200000000000002,0.9200000000000006,37937153605.22914
4137,0.4300000000000002,0.9200000000000006,37381267838.17862
4138,0.4400000000000002,0.9200000000000006,36812975143.90277
4139,0.45000000000000023,0.9200000000000006,36232056395.943375
4140,0.46000000000000024,0.9200000000000006,35638298292.25199
4141,0.47000000000000025,0.9200000000000006,35031494758.18585
4142,0.48000000000000026,0.9200000000000006,34411448507.7053
4143,0.49000000000000027,0.9200000000000006,33777972778.365074
4144,0.5000000000000002,0.9200000000000006,33130893257.166283
4145,0.5100000000000002,0.9200000000000006,32470050215.948364
4146,0.5200000000000002,0.9200000000000006,31795300876.761494
4147,0.5300000000000002,0.9200000000000006,31106522029.586403
4148,0.5400000000000003,0.9200000000000006,30403612926.873615
4149,0.5500000000000003,0.9200000000000006,29686498481.674652
4150,0.5600000000000003,0.9200000000000006,28955132798.65242
4151,0.5700000000000003,0.9200000000000006,28209503070.0057
4152,0.5800000000000003,0.9200000000000006,27449633871.344833
4153,0.5900000000000003,0.9200000000000006,26675591895.8367
4154,0.6000000000000003,0.9200000000000006,25887491168.520546
4155,0.6100000000000003,0.9200000000000006,25085498786.61228
4156,0.6200000000000003,0.9200000000000006,24269841235.89107
4157,0.6300000000000003,0.9200000000000006,23440811337.933723
4158,0.6400000000000003,0.9200000000000006,22598775888.063988
4159,0.6500000000000004,0.9200000000000006,21744184049.454357
4160,0.6600000000000004,0.9200000000000006,20877576574.901207
4161,0.6700000000000004,0.9200000000000006,19999595934.434246
4162,0.6800000000000004,0.9200000000000006,19110997434.170296
4163,0.6900000000000004,0.9200000000000006,18212661419.733047
4164,0.7000000000000004,0.9200000000000006,17305606666.19442
4165,0.7100000000000004,0.9200000000000006,16391005065.913017
4166,0.7200000000000004,0.9200000000000006,15470197735.923088
4167,0.7300000000000004,0.9200000000000006,14544712677.73602
4168,0.7400000000000004,0.9200000000000006,13616284134.641403
4169,0.7500000000000004,0.9200000000000006,12686873804.92292
4170,0.7600000000000005,0.9200000000000006,11758694083.934092
4171,0.7700000000000005,0.9200000000000006,10834233523.813053
4172,0.7800000000000005,0.9200000000000006,9916284716.870586
4173,0.7900000000000005,0.9200000000000006,9007974827.479422
4174,0.8000000000000005,0.9200000000000006,8112799017.7628355
4175,0.8100000000000005,0.9200000000000006,7234657034.665146
4176,0.8200000000000005,0.9200000000000006,6377893250.243628
4177,0.8300000000000005,0.9200000000000006,5547340473.413696
4178,0.8400000000000005,0.9200000000000006,4748367880.088605
4179,0.8500000000000005,0.9200000000000006,3986933439.871113
4180,0.8600000000000005,0.9200000000000006,3269641251.386626
4181,0.8700000000000006,0.9200000000000006,2603804235.2149935
4182,0.8800000000000006,0.9200000000000006,1997512673.421193
4183,0.8900000000000006,0.9200000000000006,1459709128.155887
4184,0.9000000000000006,0.9200000000000006,1000270318.9694107
4185,0.9100000000000006,0.9200000000000006,630096589.6454517
4186,0.01,0.9300000000000006,52917742956.81474
4187,0.02,0.9300000000000006,52699614473.50348
4188,0.03,0.9300000000000006,52476628124.117584
4189,0.04,0.9300000000000006,52248679401.42028
4190,0.05,0.9300000000000006,52015660475.803505
4191,0.060000000000000005,0.9300000000000006,51777460123.4333
4192,0.07,0.9300000000000006,51533963654.47067
4193,0.08,0.9300000000000006,51285052841.62586
4194,0.09,0.9300000000000006,51030605849.335464
4195,0.09999999999999999,0.9300000000000006,50770497163.88675
4196,0.10999999999999999,0.9300000000000006,50504597524.85222
4197,0.11999999999999998,0.9300000000000006,50232773858.23896
4198,0.12999999999999998,0.9300000000000006,49954889211.80474
4199,0.13999999999999999,0.9300000000000006,49670802693.0431
4200,0.15,0.9300000000000006,49380369410.395966
4201,0.16,0.9300000000000006,49083440418.314415
4202,0.17,0.9300000000000006,48779862666.85487
4203,0.18000000000000002,0.9300000000000006,48469478956.57334
4204,0.19000000000000003,0.9300000000000006,48152127899.561005
4205,0.20000000000000004,0.9300000000000006,47827643887.55409
4206,0.21000000000000005,0.9300000000000006,47495857068.14906
4207,0.22000000000000006,0.9300000000000006,47156593330.26146
4208,0.23000000000000007,0.9300000000000006,46809674300.084564
4209,0.24000000000000007,0.9300000000000006,46454917348.93315
4210,0.25000000000000006,0.9300000000000006,46092135614.49918
4211,0.26000000000000006,0.9300000000000006,45721138037.20099
4212,0.2700000000000001,0.9300000000000006,45341729413.47759
4213,0.2800000000000001,0.9300000000000006,44953710468.06555
4214,0.2900000000000001,0.9300000000000006,44556877947.4993
4215,0.3000000000000001,0.9300000000000006,44151024737.29921
4216,0.3100000000000001,0.9300000000000006,43735940005.55528
4217,0.3200000000000001,0.9300000000000006,43311409375.88181
4218,0.3300000000000001,0.9300000000000006,42877215133.01104
4219,0.34000000000000014,0.9300000000000006,42433136464.613434
4220,0.35000000000000014,0.9300000000000006,41978949743.283005
4221,0.36000000000000015,0.9300000000000006,41514428853.00921
4222,0.37000000000000016,0.9300000000000006,41039345564.87657
4223,0.38000000000000017,0.9300000000000006,40553469967.191826
4224,0.3900000000000002,0.9300000000000006,40056570955.74082
4225,0.4000000000000002,0.9300000000000006,39548416790.42642
4226,0.4100000000000002,0.9300000000000006,39028775725.13949
4227,0.4200000000000002,0.9300000000000006,38497416718.372185
4228,0.4300000000000002,0.9300000000000006,37954110232.801865
4229,0.4400000000000002,0.9300000000000006,37398629132.85927
4230,0.45000000000000023,0.9300000000000006,36830749690.15515
4231,0.46000000000000024,0.9300000000000006,36250252707.5791
4232,0.47000000000000025,0.9300000000000006,35656924773.91234
4233,0.48000000000000026,0.9300000000000006,35050559661.92039
4234,0.49000000000000027,0.9300000000000006,34430959884.1204
4235,0.5000000000000002,0.9300000000000006,33797938421.761513
4236,0.5100000000000002,0.9300000000000006,33151320644.025322
4237,0.5200000000000002,0.9300000000000006,32490946436.059677
4238,0.5300000000000002,0.9300000000000006,31816672556.213654
4239,0.5400000000000003,0.9300000000000006,31128375244.760544
4240,0.5500000000000003,0.9300000000000006,30425953108.492367
4241,0.5600000000000003,0.9300000000000006,29709330307.861008
4242,0.5700000000000003,0.9300000000000006,28978460075.84555
4243,0.5800000000000003,0.9300000000000006,28233328600.46211
4244,0.5900000000000003,0.9300000000000006,27473959305.822227
4245,0.6000000000000003,0.9300000000000006,26700417569.913475
4246,0.6100000000000003,0.9300000000000006,25912815920.844406
4247,0.6200000000000003,0.9300000000000006,25111319757.19536
4248,0.6300000000000003,0.9300000000000006,24296153642.374664
4249,0.6400000000000003,0.9300000000000006,23467608227.531525
4250,0.6500000000000004,0.9300000000000006,22626047862.65545
4251,0.6600000000000004,0.9300000000000006,21771918961.03878
4252,0.6700000000000004,0.9300000000000006,20905759188.334156
4253,0.6800000000000004,0.9300000000000006,20028207554.049034
4254,0.6900000000000004,0.9300000000000006,19140015490.53505
4255,0.7000000000000004,0.9300000000000006,18242059012.404667
4256,0.7100000000000004,0.9300000000000006,17335352057.90072
4257,0.7200000000000004,0.9300000000000006,16421061123.119484
4258,0.7300000000000004,0.9300000000000006,15500521310.215332
4259,0.7400000000000004,0.9300000000000006,14575253921.868954
4260,0.7500000000000004,0.9300000000000006,13646985746.464808
4261,0.7600000000000005,0.9300000000000006,12717670191.683908
4262,0.7700000000000005,0.9300000000000006,11789510438.673033
4263,0.7800000000000005,0.9300000000000006,10864984804.703152
4264,0.7900000000000005,0.9300000000000006,9946874519.392273
4265,0.8000000000000005,0.9300000000000006,9038294138.261292
4266,0.8100000000000005,0.9300000000000006,8142724837.748238
4267,0.8200000000000005,0.9300000000000006,7264050857.96678
4268,0.8300000000000005,0.9300000000000006,6406599383.614241
4269,0.8400000000000005,0.9300000000000006,5575184179.673859
4270,0.8500000000000005,0.9300000000000006,4775153327.096664
4271,0.8600000000000005,0.9300000000000006,4012441434.678024
4272,0.8700000000000006,0.9300000000000006,3293626737.0682874
4273,0.8800000000000006,0.9300000000000006,2625993525.496373
4274,0.8900000000000006,0.9300000000000006,2017600397.573588
4275,0.9000000000000006,0.9300000000000006,1477354855.7354398
4276,0.9100000000000006,0.9300000000000006,1015094830.7406261
4277,0.9200000000000006,0.9300000000000006,641677757.4649525
4278,0.01,0.9400000000000006,53137363663.40152
4279,0.02,0.9400000000000006,52924135242.93219
4280,0.03,0.9400000000000006,52706153417.58711
4281,0.04,0.9400000000000006,52483317038.736435
4282,0.05,0.9400000000000006,52255521709.90241
4283,0.060000000000000005,0.9400000000000006,52022659715.10169
4284,0.07,0.9400000000000006,51784619947.029205
4285,0.08,0.9400000000000006,51541287835.31226
4286,0.09,0.9400000000000006,51292545275.091576
4287,0.09999999999999999,0.9400000000000006,51038270556.217926
4288,0.10999999999999999,0.9400000000000006,50778338293.38782
4289,0.11999999999999998,0.9400000000000006,50512619357.57972
4290,0.12999999999999998,0.9400000000000006,50240980809.19453
4291,0.13999999999999999,0.9400000000000006,49963285833.35049
4292,0.15,0.9400000000000006,49679393677.83331
4293,0.16,0.9400000000000006,49389159594.25844
4294,0.17,0.9400000000000006,49092434783.063774
4295,0.18000000000000002,0.9400000000000006,48789066343.01843
4296,0.19000000000000003,0.9400000000000006,48478897226.00743
4297,0.20000000000000004,0.9400000000000006,48161766197.9332
4298,0.21000000000000005,0.9400000000000006,47837507806.66377
4299,0.22000000000000006,0.9400000000000006,47505952358.055756
4300,0.23000000000000007,0.9400000000000006,47166925901.18655
4301,0.24000000000000007,0.9400000000000006,46820250224.0483
4302,0.25000000000000006,0.9400000000000006,46465742861.08464
4303,0.26000000000000006,0.9400000000000006,46103217114.09192
4304,0.2700000000000001,0.9400000000000006,45732482088.16179
4305,0.2800000000000001,0.9400000000000006,45353342744.510544
4306,0.2900000000000001,0.9400000000000006,44965599972.22645
4307,0.3000000000000001,0.9400000000000006,44569050681.16904
4308,0.3100000000000001,0.9400000000000006,44163487918.476776
4309,0.3200000000000001,0.9400000000000006,43748701011.382355
4310,0.3300000000000001,0.9400000000000006,43324475739.30197
4311,0.34000000000000014,0.9400000000000006,42890594538.45562
4312,0.35000000000000014,0.9400000000000006,42446836742.5952
4313,0.36000000000000015,0.9400000000000006,41992978863.76587
4314,0.37000000000000016,0.9400000000000006,41528794917.40843
4315,0.38000000000000017,0.9400000000000006,41054056796.5287
4316,0.3900000000000002,0.9400000000000006,40568534700.11661
4317,0.4000000000000002,0.9400000000000006,40071997621.49884
4318,0.4100000000000002,0.9400000000000006,39564213902.85576
4319,0.4200000000000002,0.9400000000000006,39044951862.7321
4320,0.4300000000000002,0.9400000000000006,38513980504.02594
4321,0.4400000000000002,0.9400000000000006,37971070310.65653
4322,0.45000000000000023,0.9400000000000006,37415994141.89502
4323,0.46000000000000024,0.9400000000000006,36848528234.198425
4324,0.47000000000000025,0.9400000000000006,36268453321.32424
4325,0.48000000000000026,0.9400000000000006,35675555884.52699
4326,0.49000000000000027,0.9400000000000006,35069629545.75804
4327,0.5000000000000002,0.9400000000000006,34450476618.01439
4328,0.5100000000000002,0.9400000000000006,33817909828.320595
4329,0.5200000000000002,0.9400000000000006,33171754230.29145
4330,0.5300000000000002,0.9400000000000006,32511849324.822456
4331,0.5400000000000003,0.9400000000000006,31838051409.203716
4332,0.5500000000000003,0.9400000000000006,31150236176.863815
4333,0.5600000000000003,0.9400000000000006,30448301592.039097
4334,0.5700000000000003,0.9400000000000006,29732171065.945915
4335,0.5800000000000003,0.9400000000000006,29001796963.528244
4336,0.5900000000000003,0.9400000000000006,28257164472.5782
4337,0.6000000000000003,0.9400000000000006,27498295870.005035
4338,0.6100000000000003,0.9400000000000006,26725255223.28189
4339,0.6200000000000003,0.9400000000000006,25938153568.65326
4340,0.6300000000000003,0.9400000000000006,25137154611.56894
4341,0.6400000000000003,0.9400000000000006,24322480999.050217
4342,0.6500000000000004,0.9400000000000006,23494421218.32518
4343,0.6600000000000004,0.9400000000000006,22653337181.12694
4344,0.6700000000000004,0.9400000000000006,21799672558.570183
4345,0.6800000000000004,0.9400000000000006,20933961937.549534
4346,0.6900000000000004,0.9400000000000006,20056840876.18365
4347,0.7000000000000004,0.9400000000000006,19169056943.011227
4348,0.7100000000000004,0.9400000000000006,18271481832.482758
4349,0.7200000000000004,0.9400000000000006,17365124657.84455
4350,0.7300000000000004,0.9400000000000006,16451146531.841537
4351,0.7400000000000004,0.9400000000000006,15530876555.842703
4352,0.7500000000000004,0.9400000000000006,14605829349.09213
4353,0.7600000000000005,0.9400000000000006,13677724261.891088
4354,0.7700000000000005,0.9400000000000006,12748506429.709589
4355,0.7800000000000005,0.9400000000000006,11820369839.606337
4356,0.7900000000000005,0.9400000000000006,10895782596.004593
4357,0.8000000000000005,0.9400000000000006,9977514589.943062
4358,0.8100000000000005,0.9400000000000006,9068667794.512236
4359,0.8200000000000005,0.9400000000000006,8172709429.431955
4360,0.8300000000000005,0.9400000000000006,7293508259.762277
4361,0.8400000000000005,0.9400000000000006,6435374317.721101
4362,0.8500000000000005,0.9400000000000006,5603102362.670454
4363,0.8600000000000005,0.9400000000000006,4802019422.704771
4364,0.8700000000000006,0.9400000000000006,4038036792.1179686
4365,0.8800000000000006,0.9400000000000006,3317706892.544642
4366,0.8900000000000006,0.9400000000000006,2648285441.980665
4367,0.9000000000000006,0.9400000000000006,2037799415.4250338
4368,0.9100000000000006,0.9400000000000006,1495121323.7945752
4369,0.9200000000000006,0.9400000000000006,1030050384.3148274
4370,0.9300000000000006,0.9400000000000006,653401206.0657775
4371,0.01,0.9500000000000006,53352044827.951485
4372,0.02,0.9500000000000006,53143612218.842545
4373,0.03,0.9500000000000006,52930527276.98747
4374,0.04,0.9500000000000006,52712692135.53356
4375,0.05,0.9500000000000006,52490005753.856514
4376,0.060000000000000005,0.9500000000000006,52262363846.31102
4377,0.07,0.9500000000000006,52029658810.616646
4378,0.08,0.9500000000000006,51791779656.08078
4379,0.09,0.9500000000000006,51548611931.886185
4380,0.09999999999999999,0.9500000000000006,51300037655.69933
4381,0.10999999999999999,0.9500000000000006,51045935242.8871
4382,0.11999999999999998,0.9500000000000006,50786179436.66412
4383,0.12999999999999998,0.9500000000000006,50520641239.531456
4384,0.13999999999999999,0.9500000000000006,50249187846.408585
4385,0.15,0.9500000000000006,49971682579.90787
4386,0.16,0.9500000000000006,49687984828.25039
4387,0.17,0.9500000000000006,49397949986.378525
4388,0.18000000000000002,0.9500000000000006,49101429400.88153
4389,0.19000000000000003,0.9500000000000006,48798270319.41764
4390,0.20000000000000004,0.9500000000000006,48488315845.3902
4391,0.21000000000000005,0.9500000000000006,48171404898.716
4392,0.22000000000000006,0.9500000000000006,47847372183.61306
4393,0.23000000000000007,0.9500000000000006,47516048164.432236
4394,0.24000000000000007,0.9500000000000006,47177259050.664345
4395,0.25000000000000006,0.9500000000000006,46830826792.37076
4396,0.26000000000000006,0.9500000000000006,46476569087.414375
4397,0.2700000000000001,0.9500000000000006,46114299402.00831
4398,0.2800000000000001,0.9500000000000006,45743827006.25335
4399,0.2900000000000001,0.9500000000000006,45364957026.50432
4400,0.3000000000000001,0.9500000000000006,44977490516.58984
4401,0.3100000000000001,0.9500000000000006,44581224550.11289
4402,0.3200000000000001,0.9500000000000006,44175952336.28023
4403,0.3300000000000001,0.9500000000000006,43761463361.95216
4404,0.34000000000000014,0.9500000000000006,43337543562.86894
4405,0.35000000000000014,0.9500000000000006,42903975527.30094
4406,0.36000000000000015,0.9500000000000006,42460538735.68768
4407,0.37000000000000016,0.9500000000000006,42007009840.17891
4408,0.38000000000000017,0.9500000000000006,41543162988.37131
4409,0.3900000000000002,0.9500000000000006,41068770195.95174
4410,0.4000000000000002,0.9500000000000006,40583601773.412895
4411,0.4100000000000002,0.9500000000000006,40087426812.50662
4412,0.4200000000000002,0.9500000000000006,39580013738.64519
4413,0.4300000000000002,0.9500000000000006,39061130936.05759
4414,0.4400000000000002,0.9500000000000006,38530547453.16042
4415,0.45000000000000023,0.9500000000000006,37988033796.31673
4416,0.46000000000000024,0.9500000000000006,37433362820.93659
4417,0.47000000000000025,0.9500000000000006,36866310729.7267
4418,0.48000000000000026,0.9500000000000006,36286658188.82965
4419,0.49000000000000027,0.9500000000000006,35694191573.61389
4420,0.5000000000000002,0.9500000000000006,35088704356.9913
4421,0.5100000000000002,0.9500000000000006,34469998654.35892
4422,0.5200000000000002,0.9500000000000006,33837886940.595078
4423,0.5300000000000002,0.9500000000000006,33192193955.997864
4424,0.5400000000000003,0.9500000000000006,32532758819.6473
4425,0.5500000000000003,0.9500000000000006,31859437370.414505
4426,0.5600000000000003,0.9500000000000006,31172104757.7443
4427,0.5700000000000003,0.9500000000000006,30470658306.4187
4428,0.5800000000000003,0.9500000000000006,29755020681.781715
4429,0.5900000000000003,0.9500000000000006,29025143384.390495
4430,0.6000000000000003,0.9500000000000006,28281010605.77204
4431,0.6100000000000003,0.9500000000000006,27522643479.93091
4432,0.6200000000000003,0.9500000000000006,26750104768.492584
4433,0.6300000000000003,0.9500000000000006,25963504020.90721
4434,0.6400000000000003,0.9500000000000006,25163003255.003452
4435,0.6500000000000004,0.9500000000000006,24348823207.405014
4436,0.6600000000000004,0.9500000000000006,23521250207.93297
4437,0.6700000000000004,0.9500000000000006,22680643737.151386
4438,0.6800000000000004,0.9500000000000006,21827444731.711594
4439,0.6900000000000004,0.9500000000000006,20962184708.150314
4440,0.7000000000000004,0.9500000000000006,20085495782.348434
4441,0.7100000000000004,0.9500000000000006,19198121669.00493
4442,0.7200000000000004,0.9500000000000006,18300929753.282543
4443,0.7300000000000004,0.9500000000000006,17394924335.29322
4444,0.7400000000000004,0.9500000000000006,16481261157.376343
4445,0.7500000000000004,0.9500000000000006,15561263334.250834
4446,0.7600000000000005,0.9500000000000006,14636438817.165869
4447,0.7700000000000005,0.9500000000000006,13708499535.216827
4448,0.7800000000000005,0.9500000000000006,12779382370.118702
4449,0.7900000000000005,0.9500000000000006,11851272135.034954
4450,0.8000000000000005,0.9500000000000006,10926626743.646473
4451,0.8100000000000005,0.9500000000000006,10008204772.624763
4452,0.8200000000000005,0.9500000000000006,9099095639.164747
4453,0.8300000000000005,0.9500000000000006,8202752635.365398
4454,0.8400000000000005,0.9500000000000006,7323029083.159067
4455,0.8500000000000005,0.9500000000000006,6464217897.335302
4456,0.8600000000000005,0.9500000000000006,5631094870.140648
4457,0.8700000000000006,0.9500000000000006,4828966019.140697
4458,0.8800000000000006,0.9500000000000006,4063719370.6871986
4459,0.8900000000000006,0.9500000000000006,3341881584.6464844
4460,0.9000000000000006,0.9500000000000006,2670679862.227212
4461,0.9100000000000006,0.9500000000000006,2058109618.0301914
4462,0.9200000000000006,0.9500000000000006,1513008440.0733118
4463,0.9300000000000006,0.9500000000000006,1045136907.7876532
4464,0.9400000000000006,0.9500000000000006,665266888.1141139
4465,0.01,0.9600000000000006,53561890330.293686
4466,0.02,0.9600000000000006,53358152695.09784
4467,0.03,0.9600000000000006,53149860489.00401
4468,0.04,0.9600000000000006,52936919050.78292
4469,0.05,0.9600000000000006,52719230618.87224
4470,0.060000000000000005,0.9600000000000006,52496694260.7215
4471,0.07,0.9600000000000006,52269205801.59058
4472,0.08,0.9600000000000006,52036657752.979614
4473,0.09,0.9600000000000006,51798939240.89132
4474,0.09999999999999999,0.9600000000000006,51555935934.1524
4475,0.10999999999999999,0.9600000000000006,51307529973.04967
4476,0.11999999999999998,0.9600000000000006,51053599898.567184
4477,0.12999999999999998,0.9600000000000006,50794020582.5459
4478,0.13999999999999999,0.9600000000000006,50528663159.12516
4479,0.15,0.9600000000000006,50257394957.86699
4480,0.16,0.9600000000000006,49980079439.01055
4481,0.17,0.9600000000000006,49696576131.35454
4482,0.18000000000000002,0.9600000000000006,49406740573.320656
4483,0.19000000000000003,0.9600000000000006,49110424257.813
4484,0.20000000000000004,0.9600000000000006,48807474581.55424
4485,0.21000000000000005,0.9600000000000006,48497734799.65419
4486,0.22000000000000006,0.9600000000000006,48181043986.24591
4487,0.23000000000000007,0.9600000000000006,47857237002.11414
4488,0.24000000000000007,0.9600000000000006,47526144470.336945
4489,0.25000000000000006,0.9600000000000006,47187592761.06865
4490,0.26000000000000006,0.9600000000000006,46841403986.70864
4491,0.2700000000000001,0.9600000000000006,46487396008.82812
4492,0.2800000000000001,0.9600000000000006,46125382458.3676
4493,0.2900000000000001,0.9600000000000006,45755172770.77119
4494,0.3000000000000001,0.9600000000000006,45376572237.891685
4495,0.3100000000000001,0.9600000000000006,44989382078.684975
4496,0.3200000000000001,0.9600000000000006,44593399530.91378
4497,0.3300000000000001,0.9600000000000006,44188417966.3015
4498,0.34000000000000014,0.9600000000000006,43774227031.818825
4499,0.35000000000000014,0.9600000000000006,43350612820.05011
4500,0.36000000000000015,0.9600000000000006,42917358071.8764
4501,0.37000000000000016,0.9600000000000006,42474242415.02884
4502,0.38000000000000017,0.9600000000000006,42021042642.41273
4503,0.3900000000000002,0.9600000000000006,41557533034.482704
4504,0.4000000000000002,0.9600000000000006,41083485730.36385
4505,0.4100000000000002,0.9600000000000006,40598671152.86854
4506,0.4200000000000002,0.9600000000000006,40102858493.05539
4507,0.4300000000000002,0.9600000000000006,39595816260.52023
4508,0.4400000000000002,0.9600000000000006,39077312906.20381
4509,0.45000000000000023,0.9600000000000006,38547117525.15102
4510,0.46000000000000024,0.9600000000000006,38005000647.367615
4511,0.47000000000000025,0.9600000000000006,37450735125.69814
4512,0.48000000000000026,0.9600000000000006,36884097130.49941
4513,0.49000000000000027,0.9600000000000006,36304867261.81329
4514,0.5000000000000002,0.9600000000000006,35712831790.75984
4515,0.5100000000000002,0.9600000000000006,35107784042.98318
4516,0.5200000000000002,0.9600000000000006,34489525938.19773
4517,0.5300000000000002,0.9600000000000006,33857869701.211174
4518,0.5400000000000003,0.9600000000000006,33212639761.252388
4519,0.5500000000000003,0.9600000000000006,32553674858.02044
4520,0.5600000000000003,0.9600000000000006,31880830374.605198
4521,0.5700000000000003,0.9600000000000006,31193980919.326805
4522,0.5800000000000003,0.9600000000000006,30493023180.612854
4523,0.5900000000000003,0.9600000000000006,29777879081.29712
4524,0.6000000000000003,0.9600000000000006,29048499261.197655
4525,0.6100000000000003,0.9600000000000006,28304866919.53551
4526,0.6200000000000003,0.9600000000000006,27547002051.708958
4527,0.6300000000000003,0.9600000000000006,26774966118.164566
4528,0.6400000000000003,0.9600000000000006,25988867186.630676
4529,0.6500000000000004,0.9600000000000006,25188865592.828346
4530,0.6600000000000004,0.9600000000000006,24375180168.978935
4531,0.6700000000000004,0.9600000000000006,23548095094.01782
4532,0.6800000000000004,0.9600000000000006,22707967424.436714
4533,0.6900000000000004,0.9600000000000006,21855235370.149384
4534,0.7000000000000004,0.9600000000000006,20990427385.749058
4535,0.7100000000000004,0.9600000000000006,20114172154.046967
4536,0.7200000000000004,0.9600000000000006,19227209545.896194
4537,0.7300000000000004,0.9600000000000006,18330402648.070614
4538,0.7400000000000004,0.9600000000000006,17424750959.43904
4539,0.7500000000000004,0.9600000000000006,16511404864.915424
4540,0.7600000000000005,0.9600000000000006,15591681506.744127
4541,0.7700000000000005,0.9600000000000006,14667082183.66811
4542,0.7800000000000005,0.9600000000000006,13739311420.50877
4543,0.7900000000000005,0.9600000000000006,12810297863.745409
4544,0.8000000000000005,0.9600000000000006,11882217172.912483
4545,0.8100000000000005,0.9600000000000006,10957517093.13837
4546,0.8200000000000005,0.9600000000000006,10038944911.036936
4547,0.8300000000000005,0.9600000000000006,9129577514.554426
4548,0.8400000000000005,0.9600000000000006,8232854297.394632
4549,0.8500000000000005,0.9600000000000006,7352613170.4355135
4550,0.8600000000000005,0.9600000000000006,6493129966.25761
4551,0.8700000000000006,0.9600000000000006,5659161548.690133
4552,0.8800000000000006,0.9600000000000006,4855992967.317091
4553,0.8900000000000006,0.9600000000000006,4089489027.3575377
4554,0.9000000000000006,0.9600000000000006,3366150678.441877
4555,0.9100000000000006,0.9600000000000006,2693176661.761503
4556,0.9200000000000006,0.9600000000000006,2078530894.1014123
4557,0.9300000000000006,0.9600000000000006,1531016109.6185484
4558,0.9400000000000006,0.9600000000000006,1060354326.1628466
4559,0.9500000000000006,0.9600000000000006,677274752.7309804
4560,0.01,0.9700000000000006,53767000616.4772
4561,0.02,0.9700000000000006,53567860451.37036
4562,0.03,0.9700000000000006,53364260244.8353
4563,0.04,0.9700000000000006,53156108465.959625
4564,0.05,0.9700000000000006,52943310556.13204
4565,0.060000000000000005,0.9700000000000006,52725768859.144226
4566,0.07,0.9700000000000006,52503382550.587234
4567,0.08,0.9700000000000006,52276047566.6983
4568,0.09,0.9700000000000006,52043656532.83517
4569,0.09999999999999999,0.9700000000000006,51806098691.77803
4570,0.10999999999999999,0.9700000000000006,51563259832.08542
4571,0.11999999999999998,0.9700000000000006,51315022216.758316
4572,0.12999999999999998,0.9700000000000006,51061264512.49826
4573,0.13999999999999999,0.9700000000000006,50801861719.879944
4574,0.15,0.9700000000000006,50536685104.79587
4575,0.16,0.9700000000000006,50265602131.57364
4576,0.17,0.9700000000000006,49988476398.21106
4577,0.18000000000000002,0.9700000000000006,49705167574.22563
4578,0.19000000000000003,0.9700000000000006,49415531341.66986
4579,0.20000000000000004,0.9700000000000006,49119419339.92498
4580,0.21000000000000005,0.9700000000000006,48816679114.9524
4581,0.22000000000000006,0.9700000000000006,48507154073.75527
4582,0.23000000000000007,0.9700000000000006,48190683444.8837
4583,0.24000000000000007,0.9700000000000006,47867102245.90465
4584,0.25000000000000006,0.9700000000000006,47536241258.85482
4585,0.26000000000000006,0.9700000000000006,47197927014.80089
4586,0.2700000000000001,0.9700000000000006,46851981788.747536
4587,0.2800000000000001,0.9700000000000006,46498223606.26168
4588,0.2900000000000001,0.9700000000000006,46136466263.32034
4589,0.3000000000000001,0.9700000000000006,45766519361.04343
4590,0.3100000000000001,0.9700000000000006,45388188357.13942
4591,0.3200000000000001,0.9700000000000006,45001274636.07648
4592,0.3300000000000001,0.9700000000000006,44605575600.19153
4593,0.34000000000000014,0.9700000000000006,44200884784.17093
4594,0.35000000000000014,0.9700000000000006,43786991995.57643
4595,0.36000000000000015,0.9700000000000006,43363683484.35441
4596,0.37000000000000016,0.9700000000000006,42930742144.55471
4597,0.38000000000000017,0.9700000000000006,42487947751.80159
4598,0.3900000000000002,0.9700000000000006,42035077240.404655
4599,0.4000000000000002,0.9700000000000006,41571905024.37596
4600,0.4100000000000002,0.9700000000000006,41098203367.03347
4601,0.4200000000000002,0.9700000000000006,40613742804.32354
4602,0.4300000000000002,0.9700000000000006,40118292627.49041
4603,0.4400000000000002,0.9700000000000006,39611621431.26233
4604,0.45000000000000023,0.9700000000000006,39093497734.3165
4605,0.46000000000000024,0.9700000000000006,38563690679.432945
4606,0.47000000000000025,0.9700000000000006,38021970821.456055
4607,0.48000000000000026,0.9700000000000006,37468111011.95748
4608,0.49000000000000027,0.9700000000000006,36901887390.34152
4609,0.5000000000000002,0.9700000000000006,36323080492.06051
4610,0.5100000000000002,0.9700000000000006,35731476485.620766
4611,0.5200000000000002,0.9700000000000006,35126868551.16747
4612,0.5300000000000002,0.9700000000000006,34509058414.64691
4613,0.5400000000000003,0.9700000000000006,33877858052.86888
4614,0.5500000000000003,0.9700000000000006,33233091586.23792
4615,0.5600000000000003,0.9700000000000006,32574597377.504105
4616,0.5700000000000003,0.9700000000000006,31902230356.611744
4617,0.5800000000000003,0.9700000000000006,31215864593.61338
4618,0.5900000000000003,0.9700000000000006,30515396143.68051
4619,0.6000000000000003,0.9700000000000006,29800746190.49769
4620,0.6100000000000003,0.9700000000000006,29071864516.791096
4621,0.6200000000000003,0.9700000000000006,28328733333.43493
4622,0.6300000000000003,0.9700000000000006,27571371501.520573
4623,0.6400000000000003,0.9700000000000006,26799839184.986008
4624,0.6500000000000004,0.9700000000000006,26014242974.91317
4625,0.6600000000000004,0.9700000000000006,25214741530.433125
4626,0.6700000000000004,0.9700000000000006,24401551785.365456
4627,0.6800000000000004,0.9700000000000006,23574955774.288383
4628,0.6900000000000004,0.9700000000000006,22735308136.727013
4629,0.7000000000000004,0.9700000000000006,21883044363.59465
4630,0.7100000000000004,0.9700000000000006,21018689855.969307
4631,0.7200000000000004,0.9700000000000006,20142869872.777523
4632,0.7300000000000004,0.9700000000000006,19256320451.040676
4633,0.7400000000000004,0.9700000000000006,18359900390.06677
4634,0.7500000000000004,0.9700000000000006,17454604399.401367
4635,0.7600000000000005,0.9700000000000006,16541577519.54688
4636,0.7700000000000005,0.9700000000000006,15622130934.48827
4637,0.7800000000000005,0.9700000000000006,14697759305.997118
4638,0.7900000000000005,0.9700000000000006,13770159771.606771
4639,0.8000000000000005,0.9700000000000006,12841252761.14263
4640,0.8100000000000005,0.9700000000000006,11913204800.848701
4641,0.8200000000000005,0.9700000000000006,10988453489.574173
4642,0.8300000000000005,0.9700000000000006,10069734848.281132
4643,0.8400000000000005,0.9700000000000006,9160113262.42451
4644,0.8500000000000005,0.9700000000000006,8263014256.665615
4645,0.8600000000000005,0.9700000000000006,7382260363.046581
4646,0.8700000000000006,0.9700000000000006,6522110367.324654
4647,0.8800000000000006,0.9700000000000006,5687302243.799919
4648,0.8900000000000006,0.9700000000000006,4883100116.838919
4649,0.9000000000000006,0.9700000000000006,4115345617.584592
4650,0.9100000000000006,0.9700000000000006,3390514037.2452927
4651,0.9200000000000006,0.9700000000000006,2715775714.0851784
4652,0.9300000000000006,0.9700000000000006,2099063130.0197597
4653,0.9400000000000006,0.9700000000000006,1549144234.7962432
4654,0.9500000000000006,0.9700000000000006,1075702561.3656783
4655,0.9600000000000006,0.9700000000000006,689424745.5070816
4656,0.01,0.9800000000000006,53967472780.48402
4657,0.02,0.9800000000000006,53772835835.928665
4658,0.03,0.9800000000000006,53573830223.90118
4659,0.04,0.9800000000000006,53370367469.49628
4660,0.05,0.9800000000000006,53162356141.79376
4661,0.060000000000000005,0.9800000000000006,52949701784.859566
4662,0.07,0.9800000000000006,52732306847.90235
4663,0.08,0.9800000000000006,52510070614.721825
4664,0.09,0.9800000000000006,52282889132.60421
4665,0.09999999999999999,0.9800000000000006,52050655140.84121
4666,0.10999999999999999,0.9800000000000006,51813257999.07211
4667,0.11999999999999998,0.9800000000000006,51570583615.67433
4668,0.12999999999999998,0.9800000000000006,51322514376.456154
4669,0.13999999999999999,0.9800000000000006,51068929073.936295
4670,0.15,0.9800000000000006,50809702837.5296
4671,0.16,0.9800000000000006,50544707064.99592
4672,0.17,0.9800000000000006,50273809355.550545
4673,0.18000000000000002,0.9800000000000006,49996873445.080795
4674,0.19000000000000003,0.9800000000000006,49713759143.96324
4675,0.20000000000000004,0.9800000000000006,49424322278.03163
4676,0.21000000000000005,0.9800000000000006,49128414633.30571
4677,0.22000000000000006,0.9800000000000006,48825883905.158615
4678,0.23000000000000007,0.9800000000000006,48516573652.67271
4679,0.24000000000000007,0.9800000000000006,48200323259.01456
4680,0.25000000000000006,0.9800000000000006,47876967898.74761
4681,0.26000000000000006,0.9800000000000006,47546338513.097374
4682,0.2700000000000001,0.9800000000000006,47208261794.290146
4683,0.2800000000000001,0.9800000000000006,46862560180.20187
4684,0.2900000000000001,0.9800000000000006,46509051860.68098
4685,0.3000000000000001,0.9800000000000006,46147550797.04851
4686,0.3100000000000001,0.9800000000000006,45777866756.43091
4687,0.3200000000000001,0.9800000000000006,45399805362.7484
4688,0.3300000000000001,0.9800000000000006,45013168166.364494
4689,0.34000000000000014,0.9800000000000006,44617752734.60294
4690,0.35000000000000014,0.9800000000000006,44213352765.55736
4691,0.36000000000000015,0.9800000000000006,43799758227.85918
4692,0.37000000000000016,0.9800000000000006,43376755529.33249
4693,0.38000000000000017,0.9800000000000006,42944127717.75183
4694,0.3900000000000002,0.9800000000000006,42501654717.233925
4695,0.4000000000000002,0.9800000000000006,42049113604.138794
4696,0.4100000000000002,0.9800000000000006,41586278926.73301
4697,0.4200000000000002,0.9800000000000006,41112923073.27948
4698,0.4300000000000002,0.9800000000000006,40628816693.67019
4699,0.4400000000000002,0.9800000000000006,40133729180.21114
4700,0.45000000000000023,0.9800000000000006,39627429213.709076
4701,0.46000000000000024,0.9800000000000006,39109685381.59946
4702,0.47000000000000025,0.9800000000000006,38580266875.501396
4703,0.48000000000000026,0.9800000000000006,38038944276.290886
4704,0.49000000000000027,0.9800000000000006,37485490435.55629
4705,0.5000000000000002,0.9800000000000006,36919681463.143745
4706,0.5100000000000002,0.9800000000000006,36341297831.424225
4707,0.5200000000000002,0.9800000000000006,35750125607.92202
4708,0.5300000000000002,0.9800000000000006,35145957829.04911
4709,0.5400000000000003,0.9800000000000006,34528596028.89525
4710,0.5500000000000003,0.9800000000000006,33897851938.342308
4711,0.5600000000000003,0.9800000000000006,33253549371.212685
4712,0.5700000000000003,0.9800000000000006,32595526315.737015
4713,0.5800000000000003,0.9800000000000006,31923637251.34733
4714,0.5900000000000003,0.9800000000000006,31237755712.683754
4715,0.6000000000000003,0.9800000000000006,30537777124.758408
4716,0.6100000000000003,0.9800000000000006,29823621935.466454
4717,0.6200000000000003,0.9800000000000006,29095239074.088737
4718,0.6300000000000003,0.9800000000000006,28352609767.111786
4719,0.6400000000000003,0.9800000000000006,27595751745.620064
4720,0.6500000000000004,0.9800000000000006,26824723881.71502
4721,0.6600000000000004,0.9800000000000006,26039631294.91023
4722,0.6700000000000004,0.9800000000000006,25240630973.26822
4723,0.6800000000000004,0.9800000000000006,24427937958.212692
4724,0.6900000000000004,0.9800000000000006,23601832146.500187
4725,0.7000000000000004,0.9800000000000006,22762665767.803745
4726,0.7100000000000004,0.9800000000000006,21910871601.784504
4727,0.7200000000000004,0.9800000000000006,21046972004.44705
4728,0.7300000000000004,0.9800000000000006,20171588820.034782
4729,0.7400000000000004,0.9800000000000006,19285454261.77142
4730,0.7500000000000004,0.9800000000000006,18389422852.445908
4731,0.7600000000000005,0.9800000000000006,17484484524.228638
4732,0.7700000000000005,0.9800000000000006,16571778986.25763
4733,0.7800000000000005,0.9800000000000006,15652611478.512577
4734,0.7900000000000005,0.9800000000000006,14728470041.374228
4735,0.8000000000000005,0.9800000000000006,13801044442.1268
4736,0.8100000000000005,0.9800000000000006,12872246912.585243
4737,0.8200000000000005,0.9800000000000006,11944234866.11306
4738,0.8300000000000005,0.9800000000000006,11019435777.636051
4739,0.8400000000000005,0.9800000000000006,10100574426.965168
4740,0.8500000000000005,0.9800000000000006,9190702723.930637
4741,0.8600000000000005,0.9800000000000006,8293232353.629241
4742,0.8700000000000006,0.9800000000000006,7411970501.629395
4743,0.8800000000000006,0.9800000000000006,6551158942.415138
4744,0.8900000000000006,0.9800000000000006,5715516799.833191
4745,0.9000000000000006,0.9800000000000006,4910287316.010971
4746,0.9100000000000006,0.9800000000000006,4141288995.3160677
4747,0.9200000000000006,0.9800000000000006,3414971522.626692
4748,0.9300000000000006,0.9800000000000006,2738476890.686098
4749,0.9400000000000006,0.9800000000000006,2119706209.846105
4750,0.9500000000000006,0.9800000000000006,1567392715.3036752
4751,0.9600000000000006,0.9800000000000006,1091181532.2564888
4752,0.9700000000000006,0.9800000000000006,701716808.5177758
4753,0.01,0.9900000000000007,54163400644.69629
4754,0.02,0.9900000000000007,53973175847.31601
4755,0.03,0.9900000000000007,53778670676.59959
4756,0.04,0.9900000000000007,53579799640.46512
4757,0.05,0.9900000000000007,53376474361.4234
4758,0.060000000000000005,0.9900000000000007,53168603508.601524
4759,0.07,0.9900000000000007,52956092728.801384
4760,0.08,0.9900000000000007,52738844576.71106
4761,0.09,0.9900000000000007,52516758444.40555
4762,0.09999999999999999,0.9900000000000007,52289730490.29105
4763,0.10999999999999999,0.9900000000000007,52057653567.66901
4764,0.11999999999999998,0.9900000000000007,51820417153.118645
4765,0.12999999999999998,0.9900000000000007,51577907274.92276
4766,0.13999999999999999,0.9900000000000007,51330006441.78935
4767,0.15,0.9900000000000007,51076593572.15309
4768,0.16,0.9900000000000007,50817543924.37486
4769,0.17,0.9900000000000007,50552729028.19498
4770,0.18000000000000002,0.9900000000000007,50282016617.83775
4771,0.19000000000000003,0.9900000000000007,50005270567.21
4772,0.20000000000000004,0.9900000000000007,49722350827.68669
4773,0.21000000000000005,0.9900000000000007,49433113369.032135
4774,0.22000000000000006,0.9900000000000007,49137410124.064926
4775,0.23000000000000007,0.9900000000000007,48835088937.74188
4776,0.24000000000000007,0.9900000000000007,48525993521.40919
4777,0.25000000000000006,0.9900000000000007,48209963413.048134
4778,0.26000000000000006,0.9900000000000007,47886833944.43159
4779,0.2700000000000001,0.9900000000000007,47556436216.20269
4780,0.2800000000000001,0.9900000000000007,47218597081.99332
4781,0.2900000000000001,0.9900000000000007,46873139142.81499
4782,0.3000000000000001,0.9900000000000007,46519880753.08207
4783,0.3100000000000001,0.9900000000000007,46158636039.76547
4784,0.3200000000000001,0.9900000000000007,45789214936.32727
4785,0.3300000000000001,0.9900000000000007,45411423233.2536
4786,0.34000000000000014,0.9900000000000007,45025062647.18475
4787,0.35000000000000014,0.9900000000000007,44629930910.841896
4788,0.36000000000000015,0.9900000000000007,44225821886.168175
4789,0.37000000000000016,0.9900000000000007,43812525703.34132
4790,0.38000000000000017,0.9900000000000007,43389828928.57674
4791,0.3900000000000002,0.9900000000000007,42957514763.92724
4792,0.4000000000000002,0.9900000000000007,42515363282.59893
4793,0.4100000000000002,0.9900000000000007,42063151703.64614
4794,0.4200000000000002,0.9900000000000007,41600654710.284485
4795,0.4300000000000002,0.9900000000000007,41127644816.47131
4796,0.4400000000000002,0.9900000000000007,40643892786.853195
4797,0.45000000000000023,0.9900000000000007,40149168115.67139
4798,0.46000000000000024,0.9900000000000007,39643239570.75433
4799,0.47000000000000025,0.9900000000000007,39125875809.31473
4800,0.48000000000000026,0.9900000000000007,38596846072.91175
4801,0.49000000000000027,0.9900000000000007,38055920969.643074
4802,0.5000000000000002,0.9900000000000007,37502873352.40028
4803,0.5100000000000002,0.9900000000000007,36937479302.86281
4804,0.5200000000000002,0.9900000000000007,36359519231.82527
4805,0.5300000000000002,0.9900000000000007,35768779107.45859
4806,0.5400000000000003,0.9900000000000007,35165051824.20441
4807,0.5500000000000003,0.9900000000000007,34548138726.20456
4808,0.5600000000000003,0.9900000000000007,33917851300.48006
4809,0.5700000000000003,0.9900000000000007,33274013056.51074
4810,0.5800000000000003,0.9900000000000007,32616461610.434723
4811,0.5900000000000003,0.9900000000000007,31945050993.80281
4812,0.6000000000000003,0.9900000000000007,31259654208.695843
4813,0.6100000000000003,0.9900000000000007,30560166053.061607
4814,0.6200000000000003,0.9900000000000007,29846506242.364464
4815,0.6300000000000003,0.9900000000000007,29118622856.08574
4816,0.6400000000000003,0.9900000000000007,28376496140.283318
4817,0.6500000000000004,0.9900000000000007,27620142700.33542
4818,0.6600000000000004,0.9900000000000007,26849620121.18048
4819,0.6700000000000004,0.9900000000000007,26065032055.844276
4820,0.6800000000000004,0.9900000000000007,25266533826.845955
4821,0.6900000000000004,0.9900000000000007,24454338589.224407
4822,0.7000000000000004,0.9900000000000007,23628724108.45669
4823,0.7100000000000004,0.9900000000000007,22790040211.487022
4824,0.7200000000000004,0.9900000000000007,21938716974.483395
4825,0.7300000000000004,0.9900000000000007,21075273716.83212
4826,0.7400000000000004,0.9900000000000007,20200328877.311302
4827,0.7500000000000004,0.9900000000000007,19314610855.40056
4828,0.7600000000000005,0.9900000000000007,18418969908.339916
4829,0.7700000000000005,0.9900000000000007,17514391202.900467
4830,0.7800000000000005,0.9900000000000007,16602009129.935682
4831,0.7900000000000005,0.9900000000000007,15683122999.712547
4832,0.8000000000000005,0.9900000000000007,14759214246.846489
4833,0.8100000000000005,0.9900000000000007,13831965285.463795
4834,0.8200000000000005,0.9900000000000007,12903280168.073317
4835,0.8300000000000005,0.9900000000000007,11975307215.63829
4836,0.8400000000000005,0.9900000000000007,11050463801.598244
4837,0.8500000000000005,0.9900000000000007,10131463489.207355
4838,0.8600000000000005,0.9900000000000007,9221345739.645514
4839,0.8700000000000006,0.9900000000000007,8323508428.046511
4840,0.8800000000000006,0.9900000000000007,7441743426.009038
4841,0.8900000000000006,0.9900000000000007,6580275532.45603
4842,0.9000000000000006,0.9900000000000007,5743805060.042101
4843,0.9100000000000006,0.9900000000000007,4937554411.845381
4844,0.9200000000000006,0.9900000000000007,4167319013.00008
4845,0.9300000000000006,0.9900000000000007,3439522994.4206915
4846,0.9400000000000006,0.9900000000000007,2761280061.0484076
4847,0.9500000000000006,0.9900000000000007,2140460015.332255
4848,0.9600000000000006,0.9900000000000007,1585761448.181747
4849,0.9700000000000006,0.9900000000000007,1106791154.6442783
4850,0.9800000000000006,0.9900000000000007,714150880.3381047
